Namespace(A_dim=64, K=60, Kmul=1, L=4, align=False, ar_after_decay=True, beamsz=1, best_loss=None, bsz=16, clip=5, cond_A_dim=32, constr_tr_epochs=100, cuda=False, data='data/e2e_aligned/', dropout=0.3, emb_drop=True, emb_size=300, epochs=40, fine_tune=False, gen_from_fi='', gen_on_valid=False, gen_wts='1,1', hid_size=300, initrange=0.1, interactive=False, label_train=True, layers=1, load='models/e2e-60-1-far.pt', log_interval=200, lr=0.5, lr_decay=0.5, lse_obj=False, max_mbs_per_epoch=35000, max_pool=True, max_seqlen=55, min_gen_states=0, min_gen_tokes=0, mlp_sz_mult=2, mlpinp=True, no_ar_epochs=100, no_ar_for_vit=False, ntemplates=200, one_rnn=True, onmt_decay=True, optim='sgd', prev_loss=None, save='', seed=1111, sep_attn=True, smaller_cond_dim=64, tagged_fi='', test=False, thresh=9, unif_lenps=True, verbose=False, wid_workers='', word_ar=False, yes_self_trans=False)
data/e2e_aligned/train.txt
using vocabulary of size: 872
780 gen word types
False
btw, net.ar: True
|9 |52 |57 <eos>|45
|9 |21 |46 |57 |2 <eos>|8
|55 |13 |2 <eos>|8
|24 |30 |11 |46 |57 <eos>|17
|55 |3 |50 |1 <eos>|28
|55 |12 |13 <eos>|45
|9 |30 |21 |10 |57 |2 <eos>|8
|55 |3 |50 |1 |47 <eos>|19
|55 |3 |50 |1 <eos>|45
|55 |3 |50 |1 <eos>|45
|55 |12 |53 <eos>|19
|9 |43 |52 |57 <eos>|33
|55 |3 |50 |1 <eos>|45
|52 |57 |45 |23 <eos>|28
|55 |3 |50 |1 <eos>|28
|55 |13 <eos>|33
|24 |43 |11 |47 <eos>|8
|55 |3 |5 |50 |1 <eos>|45
|55 |3 |5 |50 |1 <eos>|45
|55 |59 |12 <eos>|45
|55 |3 |50 |1 <eos>|45
|55 |13 <eos>|33
|55 |3 |50 |1 |2 <eos>|8
|55 |59 |5 |32 |11 <eos>|17
|55 |12 |13 |2 <eos>|8
|55 |3 |4 <eos>|45
|55 |3 |50 |1 <eos>|45
|55 |3 |50 |1 <eos>|45
|55 |59 |43 |11 <eos>|39
|55 |3 |50 |1 |15 |40 <eos>|3
|55 |59 |43 |11 |47 <eos>|19
|9 |21 |38 <eos>|44
|55 |12 |13 |2 <eos>|8
|55 |3 |5 |50 |1 |53 <eos>|19
|55 |3 |4 |47 <eos>|8
|55 |59 |12 |53 <eos>|19
|55 |3 |50 <eos>|1
|55 |3 |50 |1 |47 <eos>|19
|9 |43 |11 |46 |57 |2 <eos>|8
|58 |52 |57 |13 |2 <eos>|8
|55 |59 |30 |43 |11 |47 <eos>|8
|55 |59 |43 |11 <eos>|45
|55 |59 |43 |11 |47 <eos>|19
|55 |59 |30 |43 |11 |47 <eos>|8
|9 |30 |43 |52 |57 <eos>|33
|55 |59 |12 |39 |26 |16 <eos>|17
|55 |24 |4 |2 <eos>|8
|55 |3 |50 |1 |15 |40 <eos>|3
|57 |39 |26 |16 <eos>|46
|9 |43 |52 |57 <eos>|33
|55 |13 |2 <eos>|8
|55 |59 |12 |38 <eos>|44
|55 |3 |50 |1 |15 |40 <eos>|3
|55 |59 |43 |11 |47 <eos>|19
|55 |13 |2 <eos>|8
|55 |3 |50 |1 |53 <eos>|19
|55 |59 |12 |2 <eos>|8
|58 |55 |12 |13 |2 <eos>|8
|55 |59 |43 |11 |26 |16 <eos>|44
|55 |3 |5 |50 |1 |53 <eos>|19
|55 |3 |50 |1 |47 <eos>|19
|55 |3 |4 |13 <eos>|44
|55 |59 |30 |21 <eos>|44
|55 |3 |50 |1 |53 <eos>|19
|58 |55 |12 |13 |2 <eos>|8
|55 |39 |26 |16 <eos>|33
|58 |21 |46 |57 |2 <eos>|8
|55 |59 |43 |11 |47 <eos>|19
|55 |3 |50 |1 |53 <eos>|19
|48 |10 |55 |12 <eos>|39
|48 |55 |12 |2 <eos>|8
|55 |59 |43 |11 |47 <eos>|19
|55 |12 |13 |2 <eos>|8
|55 |59 |30 |43 |11 |47 <eos>|8
|55 |3 |5 |50 |1 |53 <eos>|19
|55 |59 |12 |2 <eos>|8
|55 |3 |50 |1 |53 <eos>|19
|55 |59 |43 |11 |47 <eos>|19
|55 |12 |3 |50 |1 |47 <eos>|19
|9 |21 |46 |57 |2 <eos>|8
|55 |3 |50 |1 |53 <eos>|19
|55 |15 |40 |13 <eos>|15
|55 |3 |50 |1 |47 <eos>|19
|55 |59 |30 |11 |15 |40 <eos>|17
|55 |12 |3 |50 |1 |47 <eos>|19
|9 |30 |21 |46 |57 <eos>|45
|55 |3 |50 |1 <eos>|45
|55 |3 |5 |50 |1 |53 <eos>|19
|58 |52 |57 |13 |2 <eos>|8
|58 |52 |57 |13 |2 <eos>|8
|43 |11 |46 |57 <eos>|28
|55 |59 |43 |11 <eos>|19
|55 |3 |50 |1 <eos>|28
|55 |3 |5 |50 |1 |53 <eos>|19
|55 |3 |4 |47 <eos>|8
|55 |3 |4 |2 <eos>|8
|55 |59 |12 <eos>|44
|55 |3 |5 |50 |1 |53 <eos>|19
|55 |59 |12 |2 <eos>|8
|55 |59 |30 |21 <eos>|44
|55 |59 |12 |2 <eos>|8
|55 |42 |7 |47 <eos>|8
|9 |21 |46 |57 |2 <eos>|8
|55 |59 |43 |11 |47 <eos>|19
|55 |39 |26 |16 |53 <eos>|19
|9 |32 |11 |46 |57 |2 <eos>|8
|43 |52 |57 |11 |7 |2 <eos>|8
|55 |3 |50 |1 <eos>|17
|55 |12 |3 |50 |1 <eos>|28
|55 |59 |43 |11 |47 <eos>|8
|55 |59 |43 |11 |47 <eos>|19
|58 |55 |12 |13 |2 <eos>|8
|55 |12 |3 |50 |1 |47 <eos>|19
|48 |52 |57 |45 |23 |53 <eos>|19
|55 |59 |43 |11 |47 <eos>|8
|55 |3 |50 |1 |47 <eos>|19
|52 |57 |39 |26 |16 |53 <eos>|19
|55 |42 |4 |2 <eos>|8
|55 |59 |43 |11 |47 <eos>|19
|9 |21 |46 |57 |2 <eos>|8
|55 |59 |30 |11 |47 <eos>|8
|55 |3 |50 |35 |40 <eos>|39
|55 |42 |7 |47 <eos>|8
|55 |3 |5 |50 |1 |53 <eos>|19
|55 |3 |5 |50 |1 |53 <eos>|19
|55 |45 |23 |2 <eos>|8
|9 |43 |11 |46 |57 |2 <eos>|8
|48 |55 |13 <eos>|10
|55 |12 |3 |50 |1 |47 <eos>|19
|55 |12 |20 |13 |2 <eos>|8
|55 |12 |33 |4 |2 <eos>|8
|55 |59 |12 |2 <eos>|8
|55 |59 |43 |11 |13 |2 <eos>|8
|9 |43 |52 |57 <eos>|33
|57 |11 |35 |40 |53 <eos>|19
|58 |55 |59 |43 |11 <eos>|45
|58 |21 |44 |55 |3 |4 <eos>|45
|58 |55 |59 |12 |2 <eos>|8
|55 |59 |12 |47 <eos>|8
|55 |59 |30 |11 |15 |40 |53 <eos>|19
|55 |59 |43 |11 <eos>|45
|55 |42 |7 |25 |40 <eos>|3
|43 |52 |57 |13 <eos>|33
|55 |3 |5 |32 |50 |1 |53 <eos>|19
|9 |6 |43 |11 |46 |57 <eos>|28
|55 |59 |30 |11 |15 |40 |53 <eos>|19
|55 |59 |12 |3 |50 |1 <eos>|45
|43 |52 |57 |15 |40 |2 <eos>|8
|9 |21 |46 |57 |2 <eos>|8
|55 |3 |50 |1 |13 <eos>|33
|9 |21 |10 |57 |2 <eos>|8
|55 |43 |11 |13 |2 <eos>|8
|55 |18 |59 |12 |13 <eos>|45
|55 |59 |43 |11 |13 |2 <eos>|8
|49 |59 |52 |57 |2 <eos>|8
|48 |55 |3 |50 |1 |47 <eos>|8
|55 |59 |12 |2 <eos>|8
|55 |3 |50 |1 |53 <eos>|19
|9 |5 |32 |11 |46 |57 |2 <eos>|8
|58 |43 |52 |57 |13 <eos>|33
|48 |55 |39 |26 |16 |2 <eos>|8
|55 |59 |43 |11 |53 <eos>|19
|55 |59 |30 |43 |11 <eos>|39
|55 |12 |3 |50 |1 <eos>|28
|58 |55 |3 |50 |1 |15 |40 <eos>|3
|55 |59 |12 |53 <eos>|19
|55 |59 |12 |2 <eos>|8
|27 |24 |4 |47 <eos>|8
|55 |59 |12 |3 |4 <eos>|44
|45 |23 |38 |10 |57 <eos>|45
|43 |52 |57 |14 |35 |53 <eos>|19
|55 |59 |5 |32 |21 <eos>|44
|55 |59 |43 |11 <eos>|45
|55 |59 |5 |32 |11 |53 <eos>|19
|38 |45 |23 |10 |57 <eos>|45
|55 |59 |12 |39 |26 |16 <eos>|17
|55 |59 |43 |11 |47 <eos>|8
|55 |59 |43 |11 |53 <eos>|19
|55 |59 |12 |13 <eos>|45
|55 |13 |53 <eos>|19
|55 |3 |50 |1 |38 <eos>|33
|55 |33 |4 |53 <eos>|19
|48 |55 |12 |47 <eos>|8
|57 |42 |38 |2 <eos>|8
|55 |12 |25 |40 <eos>|15
|55 |59 |12 |3 |50 |1 <eos>|45
|55 |59 |12 |47 <eos>|8
|55 |59 |30 |11 |47 <eos>|8
|55 |59 |12 |3 |50 |1 <eos>|45
|48 |55 |42 |23 |53 <eos>|19
|55 |59 |12 |2 <eos>|8
|55 |59 |5 |32 |11 |47 <eos>|8
|55 |59 |12 |15 |40 <eos>|28
|9 |52 |57 |13 |53 <eos>|19
|9 |43 |11 |46 |57 |53 <eos>|19
|55 |59 |12 |33 |4 <eos>|28
|55 |59 |43 |11 <eos>|44
|55 |18 |59 |12 |13 <eos>|45
|55 |3 |50 |1 |53 <eos>|19
|57 |23 |33 |4 <eos>|10
|9 |32 |43 |52 |57 |53 <eos>|19
|55 |59 |12 |13 <eos>|28
|48 |44 |55 |59 |12 |23 <eos>|33
|55 |59 |43 |11 |15 |40 |2 <eos>|8
|48 |55 |12 |45 |23 |53 <eos>|19
|55 |3 |50 |1 |15 |40 <eos>|39
|55 |12 |3 |50 |1 |47 <eos>|19
|58 |29 |10 |55 |12 <eos>|15
|57 |42 |7 |2 <eos>|8
|55 |59 |30 |11 |47 <eos>|8
|48 |10 |57 |11 |2 <eos>|8
|55 |59 |12 |13 |53 <eos>|19
|48 |55 |43 |11 |47 <eos>|19
|55 |45 |23 |15 |40 |53 <eos>|19
|31 |29 |55 |3 |50 <eos>|1
|55 |3 |50 |1 |53 <eos>|19
|55 |59 |43 |11 |47 <eos>|19
|43 |11 |46 |57 <eos>|33
|55 |59 |30 |11 |2 <eos>|8
|55 |25 |40 |39 |26 |16 <eos>|15
|55 |27 |43 |12 <eos>|3
|55 |59 |30 |43 |11 |53 <eos>|19
|55 |59 |22 |50 |1 <eos>|10
|55 |59 |5 |32 |11 |47 <eos>|8
|55 |59 |12 |3 |50 |1 <eos>|45
|55 |3 |50 |1 |15 |40 |53 <eos>|19
|55 |3 |50 |1 |53 <eos>|19
|9 |43 |52 |57 |15 |40 <eos>|3
|9 |30 |11 |46 |57 |2 <eos>|8
|55 |3 |50 |1 |15 |40 |53 <eos>|19
|48 |44 |43 |52 |57 <eos>|33
|9 |55 |59 |12 |2 <eos>|8
|55 |3 |50 |1 |28 |7 <eos>|33
|55 |59 |12 |47 <eos>|8
|31 |29 |55 |3 |50 |1 |2 <eos>|8
|55 |59 |5 |50 |1 |53 <eos>|19
|55 |3 |50 |1 |45 |23 <eos>|33
|55 |59 |30 |43 |11 |53 <eos>|19
|55 |59 |12 |3 |50 <eos>|1
|49 |59 |43 |11 |46 |57 <eos>|33
|55 |59 |43 |11 |53 <eos>|19
|9 |43 |11 |46 |57 |53 <eos>|19
|55 |59 |43 |11 <eos>|45
|55 |25 |40 |39 |26 |16 <eos>|15
|55 |12 |28 |7 |2 <eos>|8
|55 |13 |33 |50 <eos>|1
|55 |42 |38 <eos>|44
|52 |46 |57 |45 |23 <eos>|17
|55 |59 |12 |53 <eos>|9
|55 |59 |21 |53 <eos>|19
|55 |59 |43 |11 |47 <eos>|8
|55 |59 |43 |53 <eos>|19
|55 |59 |12 |2 <eos>|8
|43 |52 |57 |2 <eos>|8
|55 |59 |12 |47 <eos>|8
|55 |59 |12 |3 |50 |1 |2 <eos>|8
|55 |59 |12 |3 |50 |1 <eos>|45
|58 |52 |57 |3 |50 |1 |2 <eos>|8
|43 |52 |57 |45 |23 <eos>|33
|9 |21 |46 |57 |39 |26 |16 <eos>|17
|9 |21 |46 |57 |13 |2 <eos>|8
|9 |21 |46 |57 |13 <eos>|17
|55 |43 |11 |13 <eos>|33
|55 |59 |12 |2 <eos>|8
|9 |4 |10 |57 |11 <eos>|45
|9 |6 |43 |52 |57 |53 <eos>|19
|57 |17 |26 |16 |2 <eos>|8
|58 |52 |57 |33 |50 |1 |2 <eos>|8
|55 |14 |35 |2 <eos>|8
|55 |59 |21 <eos>|44
|58 |52 |57 |33 |50 |1 |47 <eos>|19
|55 |59 |5 |32 |11 |53 <eos>|19
|55 |59 |5 |32 |11 |53 <eos>|19
|49 |59 |12 |57 <eos>|45
|55 |59 |12 |47 <eos>|8
|58 |52 |57 |33 |50 |1 |47 <eos>|19
|55 |59 |43 |11 |15 |40 |2 <eos>|8
|55 |59 |21 <eos>|44
|9 |43 |11 |46 |57 |2 <eos>|8
|43 |11 |46 |57 |13 <eos>|33
|55 |59 |12 |2 <eos>|8
|55 |59 |5 |32 |11 |47 <eos>|19
|55 |13 |53 <eos>|19
|55 |59 |43 |11 |50 |1 <eos>|17
|55 |59 |12 |53 <eos>|19
|9 |43 |52 |55 |12 <eos>|3
|55 |25 |40 |45 |23 |2 <eos>|8
|58 |43 |52 |57 |13 <eos>|33
|55 |25 |40 |3 |50 |1 <eos>|8
|55 |42 |38 <eos>|45
|9 |43 |52 |57 |11 |47 <eos>|19
|55 |42 |23 |38 |53 <eos>|19
|55 |12 |39 |26 |16 |53 <eos>|19
|55 |14 |35 |3 |50 |1 |2 <eos>|8
|55 |3 |50 |1 |47 <eos>|19
|9 |43 |52 |57 |2 <eos>|8
|9 |21 |10 |57 |2 <eos>|8
|57 |18 |45 |23 <eos>|28
|43 |52 |57 |2 <eos>|8
|55 |3 |50 |1 |38 |47 <eos>|8
|49 |59 |12 |46 |57 |2 <eos>|8
|55 |59 |43 |11 |47 <eos>|8
|55 |59 |30 |6 |30 |11 |47 <eos>|19
|55 |15 |40 |3 |50 |1 |2 <eos>|8
|55 |59 |6 |30 |11 |53 <eos>|19
|43 |52 |57 |53 <eos>|19
|31 |29 |24 |43 |52 |57 <eos>|15
|55 |59 |12 |39 |26 |16 <eos>|33
|55 |59 |43 |11 |53 <eos>|19
|55 |59 |6 |30 |11 <eos>|45
|55 |42 |7 |53 <eos>|19
|55 |59 |12 |3 |4 |2 <eos>|8
|55 |3 |50 |1 |15 |40 |53 <eos>|19
|55 |3 |50 |1 |15 |40 |2 <eos>|8
|55 |59 |5 |32 |11 |47 <eos>|8
|9 |43 |52 |57 |14 |35 <eos>|44
|55 |42 |5 |32 |11 |47 <eos>|19
|55 |12 |25 |40 |53 <eos>|48
|43 |52 |57 |13 |2 <eos>|8
|55 |59 |30 |21 |15 |40 |53 <eos>|19
|10 |57 |33 |5 |50 |1 |53 <eos>|19
|55 |3 |4 |15 |40 <eos>|3
|55 |59 |43 |11 |53 <eos>|19
|55 |59 |43 |11 |47 <eos>|8
|55 |3 |50 |1 |53 <eos>|19
|55 |59 |12 |2 <eos>|8
|55 |59 |30 |6 |30 |43 |11 <eos>|45
|55 |59 |12 |3 |50 |1 |15 <eos>|33
|55 |3 |4 |2 <eos>|8
|55 |3 |50 |1 |13 <eos>|33
|55 |59 |5 |32 |11 |47 <eos>|8
|24 |43 |52 |57 <eos>|33
|55 |13 |14 |35 |53 <eos>|19
|9 |21 |25 |40 |53 <eos>|19
|55 |12 |15 |40 |2 <eos>|8
|55 |59 |43 |11 |47 <eos>|8
|55 |59 |12 |53 <eos>|19
|55 |59 |12 |15 |40 <eos>|24
|55 |59 |43 |11 |47 <eos>|8
|55 |13 |33 |50 |1 |47 <eos>|8
|58 |52 |57 |3 |50 |1 |2 <eos>|8
|55 |59 |12 |53 <eos>|19
|55 |59 |12 |15 |40 |53 <eos>|19
|55 |59 |12 |53 <eos>|19
|55 |59 |43 |11 |47 <eos>|8
|55 |59 |43 |11 |47 <eos>|8
|55 |59 |30 |11 |47 <eos>|19
|29 |24 |11 |10 |57 |53 <eos>|19
|55 |59 |12 |47 <eos>|8
|55 |59 |43 |11 |25 |40 |38 <eos>|15
|55 |59 |5 |32 |11 |47 <eos>|8
|55 |59 |32 |11 |47 <eos>|8
|9 |5 |11 |46 |57 |53 <eos>|19
|58 |55 |42 |7 |15 |40 |53 <eos>|19
|55 |3 |4 |53 <eos>|19
|55 |24 |43 |5 |32 |11 |53 <eos>|19
|55 |59 |43 |11 |2 <eos>|8
|55 |59 |43 |11 |13 <eos>|33
|55 |59 |12 |3 |50 |1 <eos>|45
|9 |21 |44 |55 |12 |47 <eos>|8
|55 |59 |12 |2 <eos>|8
|9 |43 |52 |57 <eos>|33
|43 |52 |57 |11 |47 <eos>|19
|9 |5 |32 |11 |46 |57 |2 <eos>|8
|9 |12 |15 |40 |46 |57 |47 <eos>|8
|55 |59 |12 |2 <eos>|8
|55 |59 |43 |11 |53 <eos>|19
|31 |29 |10 |57 |11 |47 <eos>|8
|55 |59 |30 |6 |30 |11 |47 <eos>|19
|55 |59 |43 |11 |25 |40 <eos>|3
|55 |3 |50 |1 |45 |23 <eos>|33
|55 |59 |12 |53 |48 |2 <eos>|8
|55 |59 |43 |11 |2 <eos>|8
|55 |59 |43 |22 |11 <eos>|45
|55 |59 |12 |47 <eos>|8
|55 |59 |43 |11 |53 <eos>|19
|9 |43 |11 |46 |57 |53 <eos>|19
|55 |59 |5 |32 |11 <eos>|15
|55 |13 |28 <eos>|7
|55 |3 |50 |1 |47 <eos>|19
|55 |59 |12 <eos>|44
|55 |59 |30 |22 |11 |47 <eos>|19
|55 |59 |12 |3 |50 |1 <eos>|28
|55 |43 |11 |47 <eos>|19
|55 |3 |4 |15 |40 |2 <eos>|8
|58 |52 |57 |28 |7 |2 <eos>|8
|55 |12 |13 |53 <eos>|19
|55 |59 |43 |11 |2 <eos>|8
|9 |43 |11 |46 |57 |53 <eos>|19
|55 |12 |45 |23 |53 <eos>|19
|55 |59 |12 |3 |4 |2 <eos>|8
|55 |59 |12 |3 |50 |1 |47 <eos>|19
|55 |3 |50 |1 |17 |26 |16 |53 <eos>|19
|55 |59 |43 |11 |47 <eos>|8
|55 |59 |30 |11 |25 |40 |53 <eos>|19
|31 |29 |24 |30 |21 |57 |53 <eos>|19
|55 |59 |30 |12 |47 <eos>|8
|55 |3 |50 |1 |47 <eos>|19
|55 |39 |37 |2 <eos>|8
|49 |59 |43 |11 |46 |57 |2 <eos>|8
|55 |45 |23 |15 |40 |53 <eos>|19
|55 |59 |43 |11 |25 |40 <eos>|3
|55 |12 |39 |37 |2 <eos>|8
|55 |59 |12 |25 |40 |2 <eos>|8
|55 |59 |43 |11 <eos>|45
|58 |43 |30 |21 |46 |57 |53 <eos>|19
|55 |59 |12 |2 <eos>|8
|9 |21 |46 |57 |53 <eos>|19
|55 |59 |43 |11 |53 <eos>|19
|55 |59 |12 |47 <eos>|8
|9 |43 |11 |46 |57 |2 <eos>|8
|55 |59 |43 |11 |47 <eos>|8
|55 |25 |40 |53 <eos>|19
|55 |25 |40 |13 |2 <eos>|8
|9 |12 |13 |46 |57 |2 <eos>|8
|55 |3 |50 |1 |15 |40 <eos>|39
|55 |36 |26 |16 |13 <eos>|45
|55 |24 |4 |2 <eos>|8
|58 |52 |57 |2 <eos>|8
|49 |59 |12 |46 |57 |2 <eos>|8
|55 |59 |5 |32 |43 |11 <eos>|45
|55 |24 |5 |32 |43 |11 |53 <eos>|19
|36 |34 |56 |55 |12 |3 |50 |1 <eos>|15
|55 |13 |15 |40 |2 <eos>|8
|55 |59 |12 |2 <eos>|8
|55 |59 |43 |11 |13 <eos>|33
|55 |59 |43 |11 |25 |40 |53 <eos>|19
|55 |59 |5 |32 |43 |11 <eos>|45
|57 |13 |38 |53 <eos>|19
|55 |3 |4 |13 |2 <eos>|8
|55 |42 |7 |15 |40 |53 <eos>|19
|58 |55 |3 |5 |50 |1 |2 <eos>|8
|48 |44 |10 |57 |2 <eos>|8
|55 |3 |50 |35 |40 |53 <eos>|19
|43 |52 |57 |25 |40 |53 <eos>|19
|55 |59 |5 |32 |50 <eos>|1
|49 |59 |43 |52 |57 |11 |47 <eos>|19
|55 |25 |40 |53 <eos>|19
|55 |59 |43 |11 |47 <eos>|8
|55 |13 |38 |2 <eos>|8
|10 |57 |33 |5 |50 |1 |53 <eos>|19
|30 |22 |11 |13 |2 <eos>|8
|57 |33 |50 |1 |13 |2 <eos>|8
|55 |12 |3 |50 |1 |2 <eos>|8
|55 |59 |43 |11 |47 <eos>|8
|55 |3 |4 |2 <eos>|8
|55 |59 |43 |11 |15 |40 |2 <eos>|8
|19 |50 |1 |20 |10 |57 |11 |47 <eos>|19
|55 |12 |33 |4 |13 |53 <eos>|19
|55 |59 |30 |11 |47 <eos>|8
|9 |51 |24 |4 |10 |57 |2 <eos>|8
|55 |59 |43 |11 |53 <eos>|19
|55 |12 |3 |50 |1 |2 <eos>|8
|55 |59 |43 |11 |47 <eos>|8
|55 |13 |15 |40 |53 <eos>|19
|55 |59 |22 |50 |1 |47 <eos>|19
|9 |43 |52 |57 |2 <eos>|8
|55 |59 |43 |11 |2 <eos>|8
|9 |5 |32 |11 |10 |57 |53 <eos>|19
|48 |44 |55 |39 |26 |16 |2 <eos>|8
|55 |59 |22 |50 |1 |53 <eos>|19
|55 |43 |11 |39 |26 |16 |53 <eos>|19
|55 |12 |42 |25 |40 <eos>|44
|55 |59 |30 |43 |11 |2 <eos>|8
|55 |12 |59 |43 |11 |2 <eos>|8
|55 |59 |12 |3 |50 |1 <eos>|45
|9 |43 |11 |46 |57 |2 <eos>|8
|55 |59 |43 |11 |53 <eos>|19
|55 |12 |3 |50 |1 |53 <eos>|19
|55 |59 |43 |11 <eos>|15
|55 |59 |12 |3 |50 |1 |47 <eos>|19
|55 |59 |43 |11 |47 <eos>|8
|31 |29 |10 |57 |11 |47 <eos>|8
|55 |59 |12 |38 <eos>|44
|55 |59 |5 |32 |11 |47 <eos>|8
|55 |59 |43 |11 |47 <eos>|8
|9 |43 |52 |57 |25 |40 <eos>|3
|55 |15 |40 |37 <eos>|15
|55 |12 |15 |40 <eos>|3
|55 |12 |3 |50 |1 |53 <eos>|19
|55 |12 |42 |23 |38 |53 <eos>|19
|9 |43 |52 |57 |53 <eos>|19
|55 |59 |12 |2 <eos>|8
|55 |59 |43 |11 |47 <eos>|8
|55 |39 |26 |16 |15 |40 |53 <eos>|19
|55 |59 |43 |11 |47 <eos>|8
|55 |24 |4 |2 <eos>|8
|49 |59 |21 |46 |57 <eos>|45
|55 |59 |30 |21 <eos>|44
|55 |59 |5 |32 |11 |47 <eos>|8
|9 |43 |11 |25 |40 |46 |57 |47 <eos>|8
|48 |10 |57 |33 |5 |32 |11 |47 <eos>|8
|31 |29 |10 |57 |18 |13 <eos>|15
|55 |59 |6 |30 |11 <eos>|28
|9 |5 |32 |11 |46 |57 |2 <eos>|8
|57 |42 |38 |2 <eos>|8
|55 |59 |22 |50 |1 |47 <eos>|19
|55 |59 |5 |32 |11 |47 <eos>|8
|55 |12 |25 |40 |53 <eos>|19
|55 |59 |30 |12 |13 <eos>|15
|55 |14 |35 |3 |50 |1 |2 <eos>|8
|9 |43 |11 |46 |57 |2 <eos>|8
|55 |59 |43 |11 |47 <eos>|8
|49 |59 |5 |32 |52 |57 <eos>|45
|55 |59 |30 |12 |47 <eos>|8
|57 |42 |38 |53 <eos>|19
|55 |59 |43 |11 |1 |17 |26 |16 <eos>|44
|55 |12 |13 |53 <eos>|19
|55 |13 |15 |40 <eos>|24
|55 |25 |40 |2 <eos>|8
|55 |39 |37 |2 <eos>|8
|9 |30 |43 |11 |46 |57 |2 <eos>|8
|55 |15 |40 |3 |50 |1 |2 <eos>|8
|55 |20 |4 |38 <eos>|33
|9 |52 |57 |2 <eos>|8
|55 |12 |25 |40 <eos>|24
|55 |3 |50 |1 |28 |7 |53 <eos>|19
|55 |45 |23 <eos>|45
|55 |3 |50 |1 |15 |40 |53 <eos>|19
|55 |59 |12 |53 <eos>|19
|55 |59 |5 |32 |43 |11 |53 <eos>|19
|55 |59 |30 |43 |11 <eos>|46
|55 |6 |43 |52 |26 |16 <eos>|33
|55 |3 |4 |15 |40 <eos>|3
|55 |59 |12 |2 <eos>|8
|49 |59 |12 |46 |57 |2 <eos>|8
|9 |52 |57 |53 <eos>|48
|55 |59 |12 |3 |4 |2 <eos>|8
|57 |33 |50 |1 |13 |2 <eos>|8
|55 |59 |43 |11 |47 <eos>|19
|9 |43 |57 |2 <eos>|8
|55 |59 |43 |11 |36 |35 |56 <eos>|24
|57 |33 |50 |1 |13 |2 <eos>|8
|55 |59 |12 |25 |40 |53 <eos>|19
|58 |52 |57 |33 |4 |2 <eos>|8
|9 |21 |39 |26 |16 |46 |57 <eos>|39
|9 |43 |11 |46 |57 |53 <eos>|19
|55 |59 |5 |32 |15 |40 |53 <eos>|19
|55 |59 |43 |11 |47 <eos>|8
|57 |45 |23 |53 <eos>|19
|55 |59 |43 |11 |15 |40 |2 <eos>|8
|49 |59 |52 |57 |2 <eos>|8
|55 |24 |50 |1 |47 <eos>|19
|55 |59 |22 |50 |1 |2 <eos>|8
|55 |59 |12 |13 |38 <eos>|45
|55 |59 |12 |3 |50 |1 |47 <eos>|19
|55 |59 |43 |11 <eos>|45
|55 |43 |11 |33 |50 |1 |53 <eos>|19
|55 |59 |43 |11 |53 <eos>|19
|55 |3 |50 |1 |15 |40 |53 <eos>|19
|57 |45 |23 |53 <eos>|19
|55 |3 |50 |1 |17 |26 |16 <eos>|33
|55 |59 |43 |11 |47 <eos>|8
|55 |59 |12 |15 |40 <eos>|28
|55 |3 |50 |1 |47 <eos>|19
|55 |59 |5 |32 |43 |11 <eos>|39
|55 |12 |25 |40 |2 <eos>|8
|55 |59 |43 |11 |53 <eos>|19
|48 |44 |10 |57 |53 <eos>|19
|55 |59 |43 |11 |47 <eos>|19
|58 |43 |11 |46 |57 <eos>|33
|49 |59 |43 |52 |57 <eos>|33
|55 |59 |43 |11 |25 |40 |2 <eos>|8
|43 |52 |57 |25 |40 <eos>|3
|55 |12 |13 |45 |23 <eos>|28
|9 |43 |52 |57 |53 <eos>|19
|9 |43 |52 |57 |45 |23 |53 <eos>|19
|55 |59 |43 |11 |53 <eos>|19
|55 |36 |26 |16 |13 <eos>|45
|55 |28 |7 |53 <eos>|19
|55 |3 |50 |1 |15 |40 |2 <eos>|8
|58 |43 |52 |57 |13 |2 <eos>|8
|58 |43 |52 |57 |2 <eos>|8
|58 |55 |18 |24 |12 |15 |40 |53 <eos>|19
|55 |59 |43 |30 |21 <eos>|44
|9 |32 |21 |46 |57 |53 <eos>|19
|55 |59 |43 |11 |53 <eos>|19
|55 |3 |50 |1 |15 |40 |2 <eos>|8
|55 |59 |30 |43 |11 |53 <eos>|19
|55 |59 |5 |32 |43 |11 |53 <eos>|19
|55 |59 |43 |11 |53 <eos>|19
|9 |43 |52 |55 <eos>|3
|55 |12 |3 |5 |50 |1 |53 <eos>|19
|55 |59 |43 |11 |47 <eos>|8
|55 |59 |43 |11 |53 <eos>|19
|55 |30 |21 |13 |2 <eos>|8
|58 |52 |57 |28 |7 |2 <eos>|8
|55 |3 |50 |1 |28 |7 |53 <eos>|19
|58 |55 |12 |42 |38 |2 <eos>|8
|55 |59 |12 |3 |50 |1 |47 <eos>|19
|55 |59 |5 |32 |11 |47 <eos>|8
|9 |43 |11 |46 |57 |13 |53 <eos>|19
|55 |43 |11 |13 |53 <eos>|19
|55 |3 |50 |1 |17 |26 |16 |53 <eos>|19
|55 |59 |12 |15 |40 |2 <eos>|8
|9 |43 |11 |46 |57 |2 <eos>|8
|58 |43 |11 |46 |57 |53 <eos>|19
|9 |43 |44 |10 |57 |11 |47 <eos>|19
|9 |30 |43 |11 |46 |57 |2 <eos>|8
|48 |52 |57 |39 |26 |16 <eos>|17
|55 |3 |50 |1 |13 |2 <eos>|8
|55 |18 |25 |40 |3 |50 |1 <eos>|15
|55 |59 |30 |12 |47 <eos>|8
|55 |12 |3 |4 |13 |2 <eos>|8
|55 |59 |12 |47 <eos>|8
|55 |59 |43 |11 |25 |40 |38 <eos>|15
|55 |13 |15 |40 |53 <eos>|19
|55 |59 |43 |11 |47 <eos>|19
|9 |43 |11 |25 |40 |46 |57 |2 <eos>|8
|31 |29 |55 |50 |1 |2 <eos>|8
|55 |59 |43 |11 |53 <eos>|19
|55 |59 |30 |11 |47 <eos>|8
|57 |18 |45 |23 <eos>|28
|48 |55 |59 |43 |11 <eos>|44
|55 |3 |50 |1 |15 |40 <eos>|39
|55 |59 |30 |12 |47 <eos>|8
|55 |59 |5 |32 |43 |11 |53 <eos>|19
|55 |59 |5 |32 |43 |11 |53 <eos>|19
|55 |59 |43 |11 |47 <eos>|19
|9 |32 |11 |46 |57 |2 <eos>|8
|55 |15 |40 |3 |50 |1 |2 <eos>|8
|9 |43 |11 |46 |57 |2 <eos>|8
|55 |43 |11 |13 |2 <eos>|8
|55 |59 |12 |3 |50 |1 |47 <eos>|19
|55 |24 |50 |1 <eos>|45
|55 |3 |50 |1 |15 |40 <eos>|3
|9 |52 |57 |53 <eos>|19
|48 |55 |3 |50 |1 |2 <eos>|8
|55 |59 |12 |47 <eos>|8
|57 |50 |1 |15 |40 |53 <eos>|19
|27 |43 |52 |57 |2 <eos>|8
|55 |59 |5 |32 |43 |11 <eos>|45
|43 |52 |57 |45 |23 <eos>|33
|55 |25 |40 |3 |50 |1 <eos>|15
|55 |59 |5 |32 |12 <eos>|44
|55 |59 |12 |47 <eos>|8
|55 |59 |30 |22 |11 |47 <eos>|19
|57 |11 |14 |35 <eos>|44
|43 |52 |57 |11 |47 <eos>|19
|55 |59 |12 |3 |50 |1 |47 <eos>|19
|55 |18 |25 |40 |3 |50 |1 |2 <eos>|8
|55 |42 |5 |32 |15 |40 <eos>|45
|55 |59 |43 |11 |47 <eos>|8
|45 |23 |24 |52 |57 <eos>|45
|55 |12 |25 |40 <eos>|24
|9 |43 |52 |57 |53 <eos>|19
|55 |12 |3 |50 |1 |53 <eos>|19
|55 |59 |43 |11 |53 <eos>|19
|55 |12 |5 |4 |38 <eos>|44
|48 |44 |55 |18 |13 |2 <eos>|8
|9 |43 |52 |57 |33 |4 |7 |2 <eos>|8
|55 |25 |40 |59 |12 <eos>|15
|55 |24 |43 |11 |47 <eos>|19
|55 |3 |50 |1 |15 |40 <eos>|3
|55 |59 |43 |11 |25 |40 <eos>|3
|30 |6 |30 |43 |52 |57 <eos>|33
|55 |59 |30 |11 |36 |34 |56 <eos>|24
|55 |43 |11 |15 |40 |2 <eos>|8
|55 |59 |43 |11 |47 <eos>|19
|55 |3 |5 |32 |43 |11 |47 <eos>|8
|55 |59 |12 |2 <eos>|8
|55 |12 |3 |50 |1 |2 <eos>|8
|49 |59 |30 |52 |57 |2 <eos>|8
|55 |59 |43 |11 |13 <eos>|33
|31 |29 |44 |55 |3 |50 |1 |2 <eos>|8
|55 |59 |30 |43 |11 |47 <eos>|8
|55 |59 |43 |11 |2 <eos>|8
|55 |12 |13 |33 |4 <eos>|15
|55 |59 |12 |13 |2 <eos>|8
|55 |59 |12 |15 |40 |53 <eos>|19
|57 |33 |4 |47 |48 <eos>|44
|55 |59 |22 |4 |2 <eos>|8
|55 |59 |30 |43 |11 |15 |40 |53 <eos>|19
|55 |3 |50 |1 |15 |40 |53 <eos>|19
|55 |59 |43 |11 |25 |40 <eos>|3
|55 |59 |12 |3 |50 |1 |2 <eos>|8
|19 |23 |44 |58 |55 |13 <eos>|44
|55 |59 |30 |11 |36 |34 |56 |53 <eos>|19
|55 |59 |5 |32 |4 |2 <eos>|8
|9 |5 |6 |30 |21 |46 |57 <eos>|45
|55 |59 |12 |13 <eos>|17
|55 |59 |43 |11 |2 <eos>|8
|55 |59 |43 |11 |47 <eos>|8
|57 |33 |50 |1 |13 |2 <eos>|8
|55 |24 |4 |38 <eos>|44
|48 |44 |55 |13 <eos>|33
|55 |26 |16 |20 |13 |2 <eos>|8
|58 |43 |11 |46 |57 |53 <eos>|19
|55 |39 |26 |16 |15 |40 |53 <eos>|19
|55 |59 |6 |43 |11 |47 <eos>|8
|10 |57 |12 |3 |50 |1 |47 <eos>|19
|58 |5 |32 |52 |57 |33 |50 |1 |53 <eos>|19
|55 |59 |22 |4 |53 <eos>|19
|49 |59 |30 |11 |46 |57 <eos>|45
|9 |21 |15 |40 |46 |57 |47 <eos>|8
|35 |6 |43 |11 |46 |57 |2 <eos>|8
|55 |12 |39 |26 |16 |2 <eos>|8
|55 |59 |43 |11 |38 |2 <eos>|8
|55 |59 |12 |13 |38 <eos>|44
|55 |12 |3 |4 |2 <eos>|8
|55 |59 |43 |11 |2 <eos>|8
|55 |12 |59 |22 |4 |2 <eos>|8
|9 |43 |11 |27 |10 |57 |2 <eos>|8
|55 |59 |5 |32 |43 |11 |53 <eos>|19
|48 |55 |43 |11 |47 <eos>|19
|55 |59 |30 |6 |30 |50 |1 |2 <eos>|8
|55 |28 |7 |17 |26 |16 <eos>|44
|55 |59 |30 |11 |53 <eos>|19
|55 |59 |43 |11 |25 |40 |2 <eos>|8
|9 |43 |52 |57 |2 <eos>|8
|55 |12 |25 |40 |53 <eos>|48
|27 |10 |57 |11 |47 <eos>|8
|55 |39 |26 |16 |33 |50 |1 |53 <eos>|19
|55 |59 |12 |3 |50 |1 |15 |40 |2 <eos>|8
|55 |13 |15 |40 |53 <eos>|19
|55 |59 |6 |30 |43 |11 |53 <eos>|19
|55 |59 |30 |21 |2 <eos>|8
|55 |59 |43 |11 |47 <eos>|8
|55 |3 |50 |1 |15 |40 |53 <eos>|19
|49 |59 |43 |11 |46 |57 |2 <eos>|8
|55 |59 |22 |50 |1 |2 <eos>|8
|55 |59 |43 |21 |25 |40 <eos>|39
|55 |18 |24 |43 |11 |47 <eos>|8
|55 |59 |30 |43 |11 |2 <eos>|8
|55 |59 |43 |11 |15 |40 |53 <eos>|19
|55 |59 |12 |3 |50 |1 <eos>|45
|31 |29 |44 |55 |3 |50 |1 |2 <eos>|8
|55 |3 |50 |1 |13 |2 <eos>|8
|55 |39 |26 |16 |24 |11 |47 <eos>|8
|55 |12 |3 |50 |1 |53 <eos>|19
|55 |59 |5 |32 |5 |32 |11 |47 <eos>|19
|55 |12 |3 |50 |1 |53 <eos>|19
|9 |22 |11 |46 |57 |2 <eos>|8
|43 |11 |25 |40 |46 |57 <eos>|15
|58 |55 |13 |38 <eos>|44
|55 |59 |43 |11 |47 <eos>|8
|55 |59 |12 |15 |40 |2 <eos>|8
|55 |59 |12 |39 |26 |16 |2 <eos>|8
|9 |43 |11 |46 |57 <eos>|45
|55 |59 |12 |3 |4 |2 <eos>|8
|9 |5 |32 |21 |10 |57 |2 <eos>|8
|58 |55 |59 |12 |13 |2 <eos>|8
|9 |32 |11 |25 |40 |46 |57 |2 <eos>|8
|43 |52 |57 |15 |40 <eos>|3
|55 |45 |23 |33 |50 |1 <eos>|17
|55 |59 |43 |11 |15 |40 |2 <eos>|8
|43 |52 |57 |25 |40 |53 <eos>|19
|48 |44 |55 |3 |50 |1 |47 <eos>|19
|35 |17 |37 |21 |46 |57 |53 <eos>|19
|55 |59 |12 |3 |50 |1 <eos>|45
|55 |59 |5 |32 |6 |30 |11 |53 <eos>|19
|55 |59 |12 |39 |26 |16 |53 <eos>|19
|55 |12 |42 |7 |15 |40 |53 <eos>|19
|43 |52 |57 |17 |26 |16 <eos>|33
|55 |59 |5 |32 |11 |47 <eos>|8
|55 |59 |43 |11 |14 |35 |53 <eos>|19
|55 |59 |43 |11 |53 <eos>|19
|55 |3 |4 |38 |53 <eos>|19
|55 |59 |30 |43 |11 |2 <eos>|8
|55 |59 |12 |14 |51 |35 |53 <eos>|9
|9 |21 |46 |57 |2 <eos>|8
|55 |59 |14 |35 <eos>|44
|55 |12 |14 |35 |53 <eos>|19
|9 |30 |21 |10 |57 |2 |8 |7 |2 <eos>|8
|55 |59 |43 |11 |25 |40 |2 <eos>|8
|55 |59 |22 |50 |1 |47 <eos>|8
|55 |12 |33 |50 |1 |47 <eos>|8
|57 |33 |4 |45 |23 |53 <eos>|19
|58 |55 |59 |43 |11 |25 |40 |2 <eos>|8
|31 |29 |59 |43 |52 |57 |47 <eos>|8
|55 |13 |15 |40 |53 <eos>|19
|55 |59 |5 |32 |11 |53 <eos>|19
|55 |3 |50 |1 |13 <eos>|33
|55 |59 |12 |39 |26 |16 |2 <eos>|8
|55 |59 |12 |3 |50 |1 |47 <eos>|19
|55 |59 |43 |22 |50 |1 |53 <eos>|19
|55 |45 |23 <eos>|44
|55 |59 |12 |33 |4 <eos>|28
|27 |43 |52 |57 |11 |47 <eos>|19
|55 |12 |18 |15 |40 |3 |4 |2 <eos>|8
|55 |59 |30 |12 |53 <eos>|19
|55 |59 |43 |11 |53 <eos>|19
|58 |55 |59 |5 |32 |11 |47 <eos>|8
|55 |12 |3 |4 |45 |23 <eos>|44
|55 |59 |12 |39 |26 |16 |53 <eos>|19
|55 |59 |43 |11 |47 <eos>|19
|55 |25 |40 |3 |50 |1 <eos>|15
|55 |3 |4 |13 |53 <eos>|19
|9 |43 |11 |15 |40 |46 |57 |53 <eos>|19
|55 |39 |26 |16 |13 |2 <eos>|8
|10 |57 |33 |50 |1 <eos>|28
|49 |59 |30 |11 |15 |40 |46 |57 |53 <eos>|19
|9 |21 |46 |57 |18 |3 |50 |1 |47 <eos>|19
|55 |13 |17 |26 |16 |53 <eos>|19
|55 |3 |4 |15 |40 |2 <eos>|8
|55 |59 |43 |11 |14 |35 <eos>|3
|55 |12 |39 |37 |2 <eos>|8
|55 |59 |5 |32 |43 |11 |53 <eos>|19
|9 |30 |12 |25 |40 <eos>|3
|9 |21 |46 |57 |2 <eos>|8
|55 |59 |12 |33 |4 |2 <eos>|8
|55 |59 |21 |25 |40 |53 <eos>|19
|55 |59 |43 |11 |13 |2 <eos>|8
|58 |43 |11 |46 |57 |13 |2 <eos>|8
|58 |43 |52 |57 |13 <eos>|33
|9 |43 |52 |57 |2 <eos>|8
|55 |12 |25 |40 |2 <eos>|8
|55 |12 |13 |33 |50 |1 |53 <eos>|19
|55 |59 |30 |22 |4 <eos>|28
|27 |24 |52 |57 |2 <eos>|8
|9 |43 |11 |46 |57 |2 <eos>|8
|55 |12 |7 |2 <eos>|8
|55 |59 |12 |25 |40 <eos>|24
|55 |59 |43 |11 |47 <eos>|8
|10 |57 |12 |33 |4 |53 <eos>|19
|31 |29 |44 |55 |3 |50 |1 |2 <eos>|8
|55 |12 |25 |40 |53 <eos>|48
|55 |12 |3 |50 |1 |15 |40 <eos>|3
|58 |55 |12 |3 |4 |13 |2 <eos>|8
|55 |59 |5 |32 |43 |11 <eos>|45
|9 |43 |11 |46 |57 |2 <eos>|8
|55 |12 |3 |5 |32 |50 |1 |53 <eos>|19
|55 |59 |22 |50 |1 |47 <eos>|8
|55 |3 |50 |1 |45 |23 <eos>|33
|55 |59 |12 |39 |26 |16 |53 <eos>|19
|55 |59 |12 |14 |35 |2 <eos>|8
|55 |59 |12 |13 |15 |40 |2 <eos>|8
|55 |45 |23 |2 |8 |25 |40 |53 <eos>|19
|55 |3 |50 |1 |15 |40 |53 <eos>|9
|57 |11 |14 |35 <eos>|44
|9 |21 |13 |46 |57 |53 <eos>|19
|31 |35 |44 |55 |3 |50 |1 |2 <eos>|8
|55 |59 |43 |11 |39 |26 |16 |53 <eos>|19
|55 |59 |43 |11 |53 <eos>|19
|55 |59 |43 |11 |47 <eos>|8
|55 |3 |5 |32 |50 |1 <eos>|45
|55 |59 |43 |11 |53 <eos>|19
|9 |21 |13 |46 |57 |2 <eos>|8
|43 |11 |25 |40 |46 |57 <eos>|15
|55 |59 |12 |33 |50 |1 |47 <eos>|19
|27 |57 |38 |47 <eos>|8
|55 |13 |33 |4 <eos>|10
|48 |10 |57 |2 |48 <eos>|44
|55 |59 |43 |11 |47 <eos>|19
|55 |59 |43 |11 |39 |26 |16 <eos>|33
|55 |59 |11 |15 |40 |2 <eos>|8
|55 |59 |43 |11 |15 |40 <eos>|3
|55 |13 |15 |40 |53 <eos>|48
|55 |42 |7 |53 <eos>|19
|24 |30 |11 |36 |34 |56 |10 |57 <eos>|15
|55 |12 |15 |40 |13 |2 <eos>|8
|55 |59 |12 |2 <eos>|8
|9 |43 |52 |57 |53 <eos>|19
|55 |59 |30 |43 |11 |47 <eos>|8
|55 |15 |40 |3 |4 |13 <eos>|15
|55 |59 |43 |11 |15 |40 |53 <eos>|19
|55 |59 |12 |39 |26 |16 |53 <eos>|19
|9 |21 |10 |57 |25 |40 |53 <eos>|19
|55 |59 |12 |15 |40 |3 |50 |1 |2 <eos>|8
|55 |3 |50 |1 |15 |40 |2 <eos>|8
|55 |24 |43 |11 |15 |40 |2 <eos>|8
|9 |5 |52 |57 |2 <eos>|8
|55 |59 |30 |43 |11 |53 <eos>|19
|55 |59 |5 |32 |43 |11 |53 <eos>|19
|55 |59 |12 |39 |26 |16 <eos>|44
|55 |59 |30 |6 |30 |43 |11 |53 <eos>|19
|55 |59 |43 |11 |53 <eos>|19
|55 |15 |40 |45 |23 |2 <eos>|8
|24 |30 |11 |13 |46 |57 <eos>|28
|55 |12 |3 |4 |2 <eos>|8
|55 |59 |12 |25 |40 |2 <eos>|8
|9 |12 |3 |50 |1 |46 |57 |2 <eos>|8
|55 |59 |5 |32 |11 |47 <eos>|8
|55 |59 |12 |14 |35 |53 <eos>|19
|55 |12 |14 |35 <eos>|24
|55 |12 |20 |4 |20 |13 |2 <eos>|8
|9 |43 |52 |57 |53 <eos>|19
|58 |55 |43 |11 |38 |53 <eos>|19
|55 |59 |43 |11 |39 |26 |16 |53 <eos>|19
|55 |59 |22 |4 |53 <eos>|19
|55 |18 |59 |11 |45 |23 <eos>|15
|55 |24 |30 |11 |15 |40 <eos>|24
|48 |57 |20 |3 |50 |1 |2 <eos>|8
|55 |24 |43 |11 |15 |40 |53 <eos>|9
|55 |59 |12 |13 |2 <eos>|8
|55 |59 |43 |11 |47 <eos>|19
|55 |59 |30 |43 |11 |47 <eos>|8
|55 |39 |26 |16 |3 |50 |1 <eos>|45
|55 |59 |12 |13 |53 <eos>|19
|55 |59 |43 |11 |36 |35 |53 <eos>|19
|55 |59 |43 |11 |39 |26 |16 |53 <eos>|19
|9 |12 |13 |10 |57 |2 <eos>|8
|55 |59 |43 |11 |53 <eos>|19
|48 |44 |55 |3 |50 |1 |47 <eos>|19
|55 |3 |5 |32 |50 |1 |15 |40 |53 <eos>|19
|55 |59 |30 |22 |50 |1 |53 <eos>|19
|49 |59 |30 |52 |57 |2 <eos>|8
|55 |59 |43 |11 |25 |40 |53 <eos>|19
|27 |50 |1 |20 |10 |57 |2 <eos>|8
|55 |59 |43 |11 |47 <eos>|19
|57 |14 |35 |59 |21 |2 <eos>|8
|55 |59 |12 |2 <eos>|8
|55 |59 |5 |32 |11 |25 |40 <eos>|45
|55 |59 |43 |11 |15 |40 |53 <eos>|19
|55 |15 |40 |39 |26 |16 |2 <eos>|8
|55 |15 |40 |3 |50 |1 |2 <eos>|8
|55 |59 |30 |6 |30 |43 |11 <eos>|45
|55 |25 |40 |13 <eos>|15
|45 |23 |10 |55 |59 |12 <eos>|39
|55 |59 |12 |13 |2 <eos>|8
|55 |3 |50 |1 |13 |2 <eos>|8
|55 |59 |43 |11 |47 <eos>|19
|49 |59 |43 |52 |57 <eos>|33
|49 |59 |30 |22 |4 |46 |57 <eos>|33
|48 |57 |20 |28 |7 |53 <eos>|19
|55 |59 |43 |11 |25 |40 |53 <eos>|19
|55 |25 |40 |3 |50 |1 <eos>|8
|55 |59 |12 |3 |50 |1 |47 <eos>|19
|50 |1 |10 |57 |36 |34 |56 <eos>|10
|55 |3 |50 |1 |53 <eos>|19
|55 |59 |5 |32 |11 <eos>|44
|55 |13 |38 |53 <eos>|19
|55 |59 |5 |32 |43 |11 |53 <eos>|19
|9 |5 |32 |43 |52 |57 <eos>|17
|55 |59 |30 |11 |14 |35 |56 |53 <eos>|19
|55 |59 |12 |13 |38 |2 <eos>|8
|48 |52 |57 |45 |23 |53 <eos>|19
|55 |59 |5 |32 |11 |53 <eos>|19
|55 |59 |30 |43 |11 |2 <eos>|8
|43 |22 |11 |46 |57 |15 |40 |13 <eos>|15
|55 |59 |5 |32 |43 |11 |53 <eos>|19
|55 |38 |17 |37 <eos>|33
|55 |18 |25 |40 |20 |3 |50 |1 <eos>|15
|57 |33 |4 |38 |2 <eos>|8
|55 |13 |33 |50 |1 |47 <eos>|19
|55 |59 |43 |11 |53 <eos>|19
|57 |43 |11 |13 |38 |2 <eos>|8
|55 |59 |6 |43 |11 |47 <eos>|8
|9 |4 |10 |57 |2 <eos>|8
|55 |59 |43 |11 |47 <eos>|19
|9 |52 |57 |33 |4 |47 <eos>|8
|55 |59 |12 |39 |26 |16 <eos>|44
|55 |59 |6 |30 |11 |53 <eos>|19
|58 |43 |11 |25 |40 |46 |57 |47 <eos>|8
|55 |59 |43 |11 |47 <eos>|19
|55 |33 |4 |24 |5 |32 <eos>|44
|9 |21 |39 |26 |16 |46 |57 |2 <eos>|8
|55 |59 |30 |12 |39 |26 |16 |2 <eos>|8
|55 |45 |23 |33 |4 |47 <eos>|8
|55 |18 |59 |11 |45 |23 <eos>|15
|55 |59 |6 |30 |11 |53 <eos>|19
|58 |52 |57 |39 |26 |16 |2 <eos>|8
|55 |59 |30 |43 |11 |25 |40 |2 <eos>|8
|55 |3 |50 |1 |15 |40 |53 <eos>|19
|55 |59 |12 |25 |40 |2 <eos>|8
|55 |25 |40 |3 |50 |1 <eos>|15
|55 |3 |50 |1 |15 |40 |53 <eos>|19
|55 |59 |5 |32 |11 |53 <eos>|19
|55 |59 |12 |39 |26 |16 |53 <eos>|19
|9 |21 |36 |35 |46 |57 |53 <eos>|19
|55 |59 |5 |32 |11 |47 <eos>|8
|55 |3 |50 |1 |13 |53 <eos>|19
|57 |42 |14 |35 |53 <eos>|19
|9 |32 |43 |11 |46 |57 |2 <eos>|8
|55 |59 |12 |45 |23 |2 <eos>|8
|55 |30 |22 |50 |1 |2 <eos>|8
|55 |59 |5 |32 |11 |39 |26 |16 |53 <eos>|19
|48 |57 |3 |50 |1 |15 |40 |2 <eos>|8
|57 |43 |11 |45 |23 |53 <eos>|19
|55 |33 |50 |4 |47 |48 <eos>|44
|9 |43 |52 |57 <eos>|17
|49 |59 |43 |11 |46 |57 |2 <eos>|8
|55 |12 |15 |40 |20 |13 |53 <eos>|19
|55 |59 |12 |39 |26 |16 |53 <eos>|19
|58 |55 |59 |43 |11 |2 <eos>|8
|15 |40 |10 |55 |12 |22 |11 <eos>|15
|58 |55 |59 |30 |11 |53 <eos>|19
|55 |43 |52 |40 <eos>|3
|55 |3 |4 |28 |7 |53 <eos>|19
|58 |55 |59 |12 |15 |40 |2 <eos>|8
|55 |3 |50 |1 |15 |40 |53 <eos>|9
|9 |5 |32 |11 |46 |57 |2 <eos>|8
|55 |59 |30 |43 |11 |53 <eos>|19
|48 |55 |59 |30 |11 |53 <eos>|19
|55 |12 |13 |33 |4 |2 <eos>|8
|55 |59 |43 |11 |47 <eos>|8
|55 |59 |12 |15 |40 |2 <eos>|8
|58 |55 |59 |43 |11 |47 <eos>|8
|57 |15 |40 |59 <eos>|15
|55 |59 |43 |11 |25 |40 |53 <eos>|19
|55 |12 |39 |37 |2 <eos>|8
|55 |59 |5 |32 |11 |47 |48 <eos>|44
|9 |5 |32 |43 |52 |57 <eos>|33
|55 |18 |24 |43 |11 |20 |45 |23 |53 <eos>|19
|55 |59 |30 |22 |50 |1 <eos>|28
|55 |15 |40 |3 |4 |13 <eos>|15
|55 |12 |3 |4 |2 <eos>|8
|55 |59 |43 |22 |11 |45 |26 |16 <eos>|33
|55 |59 |12 |3 |50 |1 <eos>|28
|27 |43 |52 |57 |53 <eos>|19
|55 |59 |12 |3 |50 |1 |47 <eos>|19
|55 |59 |30 |43 |11 |53 <eos>|19
|49 |59 |52 |57 |2 <eos>|8
|55 |15 |35 |59 |12 <eos>|39
|58 |55 |12 |13 |38 |2 <eos>|8
|55 |59 |12 |39 |26 |16 |53 <eos>|19
|55 |59 |43 |11 |15 |40 <eos>|3
|58 |43 |11 |57 |13 |2 <eos>|8
|9 |21 |10 |57 |2 <eos>|8
|55 |12 |14 |51 |53 <eos>|19
|58 |43 |52 |57 |33 |4 |2 <eos>|8
|55 |59 |12 |33 |4 |2 <eos>|8
|55 |3 |50 |1 |15 |40 <eos>|39
|55 |59 |43 |11 |53 <eos>|19
|9 |12 |3 |4 |46 |57 |2 <eos>|8
|49 |59 |52 |57 |2 <eos>|8
|58 |43 |52 |57 |15 |40 |2 <eos>|8
|55 |59 |43 |11 |15 |40 |53 <eos>|19
|55 |59 |30 |11 |47 <eos>|8
|55 |3 |50 |1 |47 <eos>|19
|55 |59 |5 |32 |11 |15 |40 |53 <eos>|19
|9 |12 |33 |4 |46 |57 |2 <eos>|8
|57 |6 |43 |11 |42 |38 <eos>|33
|55 |59 |12 |47 <eos>|8
|55 |3 |5 |50 |1 |13 <eos>|33
|58 |43 |52 |57 |45 |23 |53 <eos>|19
|9 |30 |6 |30 |52 |57 |47 <eos>|8
|55 |59 |5 |30 |12 |3 |50 |1 <eos>|17
|55 |13 |15 |40 |53 <eos>|19
|58 |55 |25 |40 |3 |50 |1 <eos>|8
|58 |55 |3 |50 |1 |53 <eos>|19
|55 |59 |12 |3 |50 |1 |47 <eos>|19
|9 |5 |32 |11 |25 |40 |46 |57 |47 <eos>|8
|55 |3 |50 |1 |17 |26 |16 |53 <eos>|19
|55 |3 |4 |45 |23 |53 <eos>|19
|55 |3 |50 |1 |13 |53 <eos>|19
|55 |59 |43 |11 |25 |40 |44 <eos>|24
|55 |3 |5 |32 |50 |1 |15 |40 |53 <eos>|19
|9 |43 |52 |57 |11 |53 <eos>|19
|24 |12 |39 |26 |16 |46 |57 <eos>|39
|55 |59 |12 |47 <eos>|8
|55 |59 |30 |11 |53 <eos>|19
|31 |35 |55 |39 |26 |16 |2 <eos>|8
|55 |13 |33 |5 |50 |1 <eos>|17
|58 |55 |59 |43 |11 |47 <eos>|8
|9 |21 |39 |26 |16 |46 |57 |2 <eos>|8
|55 |59 |22 |4 |39 |26 |16 <eos>|33
|9 |30 |43 |11 |46 |57 |53 <eos>|19
|9 |30 |21 |10 |57 |53 <eos>|19
|55 |3 |50 |1 |28 |7 |53 <eos>|19
|58 |52 |57 |3 |50 |1 |2 <eos>|8
|55 |3 |50 |1 |45 |23 <eos>|33
|55 |12 |3 |4 |2 <eos>|8
|55 |59 |22 |50 |1 |47 <eos>|19
|55 |59 |13 |47 <eos>|8
|9 |43 |11 |46 |57 |53 <eos>|19
|55 |24 |4 |28 |7 |53 <eos>|19
|55 |59 |43 |11 |47 <eos>|19
|9 |52 |57 |33 |4 |53 <eos>|19
|17 |26 |16 |55 |3 |50 |1 <eos>|45
|58 |55 |59 |6 |30 |11 <eos>|45
|55 |59 |43 |11 |47 <eos>|19
|9 |30 |21 |46 |57 |2 <eos>|8
|31 |29 |10 |57 |47 <eos>|8
|55 |59 |12 |15 |40 <eos>|33
|55 |59 |12 |25 |40 |2 <eos>|8
|55 |59 |43 |11 |53 <eos>|19
|55 |43 |22 |11 |39 |26 |16 |53 <eos>|19
|55 |59 |5 |32 |11 |53 <eos>|19
|55 |59 |22 |50 |1 |53 <eos>|19
|55 |59 |43 |11 |47 <eos>|19
|55 |3 |50 |1 |15 |40 |53 <eos>|19
|55 |59 |43 |11 |15 |40 |2 <eos>|8
|10 |57 |12 |33 |4 |53 <eos>|19
|29 |55 |5 |32 |11 <eos>|15
|55 |13 |38 |2 <eos>|8
|55 |59 |5 |32 |43 |11 |53 <eos>|19
|43 |52 |57 |11 |47 <eos>|19
|55 |59 |30 |43 |11 |15 |40 |53 <eos>|19
|31 |35 |44 |55 |13 |2 <eos>|8
|31 |29 |44 |55 |3 |50 |1 |2 <eos>|8
|55 |59 |12 |13 |53 <eos>|19
|55 |59 |12 |3 |50 |1 |53 <eos>|9
|9 |43 |52 |57 |25 |40 |53 <eos>|19
|55 |3 |50 |1 |15 |40 |53 <eos>|19
|55 |12 |3 |4 |36 |34 |56 |2 <eos>|8
|55 |59 |12 |3 |50 |1 |15 |40 |2 <eos>|8
|55 |59 |12 |38 <eos>|44
|48 |44 |55 |59 |43 |22 |11 |26 |16 <eos>|33
|57 |13 |39 |26 |16 |53 <eos>|19
|55 |59 |43 |11 |13 <eos>|44
|55 |59 |43 |11 |13 |2 <eos>|8
|48 |52 |57 |42 |7 |47 <eos>|8
|9 |4 |20 |10 |57 |53 <eos>|19
|55 |59 |12 |39 |26 |16 |53 <eos>|19
|55 |12 |15 |40 |2 <eos>|8
|43 |52 |57 |39 |26 |16 |38 |53 <eos>|19
|55 |3 |4 |17 |26 |16 |2 <eos>|8
|58 |55 |59 |43 |11 |47 <eos>|8
|55 |59 |22 |37 |2 <eos>|8
|9 |43 |11 |57 |39 |26 |16 |53 <eos>|19
|57 |15 |40 |42 |7 |2 <eos>|8
|9 |43 |52 |57 |2 <eos>|8
|55 |3 |50 |1 |17 |26 |16 |53 <eos>|19
|55 |59 |30 |43 |11 |25 |40 |2 <eos>|8
|9 |30 |21 |15 |40 |46 |57 |47 <eos>|8
|55 |3 |50 |1 |15 |40 |53 <eos>|19
|9 |43 |52 |57 |33 |50 |1 |53 <eos>|19
|55 |59 |6 |30 |11 |53 <eos>|19
|55 |59 |12 |14 |35 <eos>|44
|55 |59 |30 |43 |11 |47 <eos>|8
|9 |21 |46 |57 |2 <eos>|8
|55 |25 |40 |39 |26 |16 |2 <eos>|8
|57 |33 |4 |45 |23 |53 <eos>|19
|58 |52 |57 |33 |50 |1 |53 <eos>|19
|9 |43 |52 |44 |10 |57 |2 <eos>|8
|9 |43 |11 |10 |57 |53 <eos>|19
|55 |59 |43 |11 |53 <eos>|19
|58 |5 |32 |11 |46 |57 |2 <eos>|8
|55 |59 |12 |25 |40 <eos>|10
|55 |59 |12 |3 |4 |2 <eos>|8
|9 |43 |11 |46 |57 <eos>|33
|9 |29 |55 |13 |2 <eos>|8
|55 |59 |43 |11 |47 <eos>|19
|55 |59 |12 |14 |35 <eos>|24
|58 |43 |11 |46 |57 |13 |2 <eos>|8
|55 |59 |30 |43 |11 |47 <eos>|8
|58 |34 |56 |24 |43 |11 |46 |57 <eos>|15
|55 |59 |43 |11 |53 <eos>|19
|55 |13 |2 |8 |25 |40 <eos>|17
|58 |43 |52 |57 |13 |2 <eos>|8
|55 |59 |12 |2 <eos>|8
|49 |59 |21 |57 |33 |4 |2 <eos>|8
|48 |52 |43 |11 |47 <eos>|8
|55 |59 |5 |12 |3 |50 |1 |2 <eos>|8
|55 |59 |12 |36 |34 |2 <eos>|8
|55 |25 |40 |39 |26 |50 |1 |2 <eos>|8
|55 |59 |6 |30 |11 |53 <eos>|19
|49 |59 |43 |11 |46 |57 <eos>|33
|55 |59 |12 |13 |2 <eos>|8
|55 |3 |50 |1 |15 |40 |45 |23 |2 <eos>|8
|55 |13 |28 |7 |53 <eos>|19
|48 |55 |45 |37 |2 <eos>|8
|57 |33 |50 |1 |45 |23 <eos>|33
|55 |59 |22 |50 |1 |47 <eos>|8
|55 |45 |23 <eos>|44
|55 |30 |22 |50 |1 |2 <eos>|8
|9 |32 |55 |12 |25 |40 |53 <eos>|19
|55 |15 |40 |39 |26 |16 |2 <eos>|8
|55 |3 |4 |38 |53 <eos>|19
|55 |59 |12 |13 |15 |40 |2 <eos>|8
|55 |13 |47 |31 |35 |53 <eos>|19
|55 |59 |43 |11 |47 <eos>|19
|55 |59 |12 |39 |26 |16 |53 <eos>|19
|55 |42 |23 |38 |53 <eos>|19
|55 |59 |12 |39 |26 |16 |53 <eos>|19
|45 |23 |44 |55 |12 |2 <eos>|8
|55 |59 |12 |42 |38 |2 <eos>|8
|57 |42 |7 |38 |47 <eos>|8
|49 |59 |43 |11 |25 |40 |46 |57 |47 <eos>|8
|55 |59 |43 |11 |53 <eos>|19
|48 |52 |57 |45 |23 <eos>|44
|55 |59 |43 |11 |14 |35 |2 <eos>|8
|9 |32 |55 |12 |25 |40 |53 <eos>|19
|49 |59 |43 |52 |57 |2 <eos>|8
|55 |59 |5 |32 |43 |11 |53 <eos>|19
|55 |59 |12 |14 |51 |35 |53 <eos>|9
|55 |59 |12 |54 |16 |2 <eos>|8
|55 |14 |35 |3 |4 |47 <eos>|8
|55 |3 |50 |1 |15 |40 |2 <eos>|8
|55 |25 |40 |3 |50 |1 <eos>|15
|55 |59 |43 |11 |15 |40 |2 <eos>|8
|55 |59 |43 |11 |47 <eos>|19
|58 |55 |59 |12 |15 |40 |2 <eos>|8
|55 |25 |40 |56 |17 |26 |16 <eos>|15
|48 |44 |55 |3 |50 |1 |47 <eos>|19
|55 |59 |43 |11 |25 |40 |44 <eos>|24
|55 |59 |43 |11 |25 |40 |53 <eos>|19
|55 |13 |33 |50 |1 <eos>|45
|55 |59 |43 |11 |53 <eos>|19
|43 |52 |57 |25 |40 |53 <eos>|19
|43 |52 |46 |57 |11 |47 <eos>|19
|10 |57 |33 |50 |1 |17 |26 |16 <eos>|28
|48 |57 |50 |1 |45 |23 |53 <eos>|19
|55 |59 |43 |11 |15 |40 |53 <eos>|19
|31 |29 |24 |5 |32 |11 |46 |57 <eos>|15
|55 |59 |12 |15 |40 |3 |50 |1 |2 <eos>|8
|55 |59 |6 |43 |11 |47 <eos>|8
|55 |59 |5 |32 |43 |11 |53 <eos>|19
|55 |59 |30 |5 |21 <eos>|44
|55 |3 |50 |1 |47 <eos>|19
|9 |43 |11 |10 |57 |53 <eos>|19
|43 |11 |46 |57 |13 |2 <eos>|8
|55 |59 |43 |11 |47 <eos>|19
|55 |59 |12 |13 <eos>|45
|49 |59 |43 |52 |57 |2 <eos>|8
|55 |59 |43 |11 |53 <eos>|19
|55 |3 |50 |35 |40 |53 <eos>|19
|58 |43 |11 |25 |40 |46 |57 <eos>|15
|49 |59 |52 |46 |57 |11 |2 <eos>|8
|10 |57 |15 |40 |2 <eos>|8
|49 |59 |43 |52 |57 |2 <eos>|8
|55 |3 |50 |1 |36 |34 |56 |2 <eos>|8
|55 |59 |12 |36 |34 |2 <eos>|8
|57 |45 |26 |16 |2 <eos>|8
|55 |59 |12 |3 |4 |2 <eos>|8
|55 |59 |12 |13 |2 <eos>|8
|55 |12 |3 |50 |1 |13 <eos>|33
|55 |3 |50 |1 |39 |26 |16 <eos>|28
|55 |59 |5 |50 |1 |11 |53 <eos>|19
|55 |13 |33 |50 |1 |47 <eos>|19
|55 |59 |43 |11 |47 <eos>|19
|55 |59 |43 |11 |25 |40 <eos>|24
|55 |3 |4 |38 |53 <eos>|19
|31 |35 |46 |57 |18 |24 |11 |47 <eos>|8
|55 |59 |30 |43 |30 |11 |53 <eos>|19
|49 |59 |12 |44 |55 <eos>|59
|55 |59 |43 |11 |47 <eos>|8
|55 |3 |50 |1 |39 |26 |16 |53 <eos>|19
|57 |39 |25 |40 |53 <eos>|19
|55 |59 |43 |11 |47 <eos>|19
|55 |59 |43 |11 |47 <eos>|19
|55 |3 |50 |1 |15 |40 |53 <eos>|19
|55 |59 |43 |11 |15 |40 <eos>|10
|55 |59 |30 |43 |11 |47 <eos>|8
|55 |59 |43 |11 |47 <eos>|19
|55 |59 |5 |32 |11 |53 <eos>|19
|26 |16 |46 |57 |11 |53 <eos>|19
|43 |11 |46 |57 |45 |23 |53 <eos>|19
|55 |13 |33 |4 |2 <eos>|8
|55 |59 |5 |32 |21 |15 |40 |53 <eos>|19
|55 |59 |30 |43 |11 |47 <eos>|8
|55 |59 |30 |43 |11 |13 |53 <eos>|19
|55 |24 |4 |13 |47 <eos>|8
|55 |59 |43 |11 |15 |40 |53 <eos>|19
|24 |43 |11 |36 |34 |56 |46 |57 <eos>|15
|55 |3 |50 |1 |13 |2 <eos>|8
|55 |59 |22 |50 |1 |53 <eos>|19
|55 |59 |43 |11 |47 <eos>|19
|55 |59 |43 |21 |25 |40 |53 <eos>|19
|55 |59 |43 |11 |53 <eos>|19
|55 |59 |43 |11 |13 <eos>|33
|55 |59 |30 |22 |50 |1 |53 <eos>|19
|55 |12 |33 |4 |53 |48 <eos>|44
|9 |43 |52 |57 |15 |40 |53 <eos>|19
|55 |59 |43 |11 |47 <eos>|19
|58 |55 |15 |40 |3 |5 |50 |1 |2 <eos>|8
|55 |59 |30 |43 |11 |53 <eos>|19
|9 |5 |32 |11 |46 |57 |2 <eos>|8
|55 |59 |43 |11 |39 |26 |16 |53 <eos>|19
|55 |59 |43 |11 |53 <eos>|19
|55 |59 |43 |11 |47 <eos>|8
|55 |12 |25 |40 |39 |26 |16 <eos>|15
|55 |59 |5 |32 |43 |11 |47 <eos>|8
|49 |59 |55 |24 |43 |11 |47 <eos>|8
|55 |59 |43 |11 |2 <eos>|8
|9 |43 |52 |57 |25 |40 |53 <eos>|19
|55 |59 |30 |43 |11 |47 <eos>|8
|55 |24 |4 |28 |7 |53 <eos>|19
|9 |43 |52 |57 |2 <eos>|8
|55 |59 |43 |5 |32 |40 |53 <eos>|19
|24 |43 |11 |46 |57 |38 <eos>|33
|48 |44 |55 |3 |50 |1 |47 <eos>|19
|9 |43 |52 |57 |13 |2 <eos>|8
|9 |43 |11 |46 |57 |2 <eos>|8
|55 |3 |50 |1 |47 <eos>|19
|55 |59 |43 |11 |13 <eos>|33
|55 |59 |12 |2 <eos>|8
|55 |59 |12 |15 |40 |53 <eos>|9
|55 |12 |3 |50 |1 |36 |51 |40 <eos>|3
|55 |59 |12 |15 |40 |2 <eos>|8
|55 |59 |43 |11 |13 |2 <eos>|8
|55 |59 |22 |50 |1 |2 <eos>|8
|55 |59 |43 |11 |53 <eos>|19
|55 |25 |40 |3 |50 |1 |2 <eos>|8
|55 |13 |33 |50 |1 |47 <eos>|19
|55 |3 |50 |1 |17 |26 |16 |53 <eos>|19
|9 |4 |46 |57 |2 <eos>|8
|9 |30 |11 |25 |40 |46 |57 |47 <eos>|8
|9 |43 |52 |57 |47 <eos>|8
|55 |59 |12 |39 |37 |2 <eos>|8
|9 |5 |32 |55 |59 |12 |2 <eos>|8
|55 |59 |43 |11 |36 |35 |56 |2 <eos>|8
|55 |59 |43 |11 |25 |40 |2 <eos>|8
|55 |3 |50 |1 |15 |40 |53 <eos>|48
|55 |12 |25 |40 <eos>|10
|55 |3 |50 |1 |15 |40 <eos>|39
|49 |59 |43 |11 |46 |57 |2 <eos>|8
|55 |12 |18 |24 |11 |13 |2 <eos>|8
|55 |59 |5 |32 |11 |13 |2 <eos>|8
|55 |42 |5 |32 |43 |11 |53 <eos>|19
|55 |12 |39 |37 |2 <eos>|8
|55 |59 |43 |11 |47 <eos>|8
|55 |59 |21 |25 |40 <eos>|10
|57 |13 |28 |7 |47 <eos>|8
|35 |24 |52 |57 |53 <eos>|19
|55 |59 |43 |11 |15 |40 |53 <eos>|19
|55 |59 |43 |11 |39 |26 |16 |53 <eos>|19
|55 |3 |50 |1 |17 |26 |16 |53 <eos>|19
|55 |59 |30 |4 |53 <eos>|19
|55 |59 |12 |15 |40 <eos>|28
|55 |12 |13 |38 |2 <eos>|8
|55 |59 |12 |15 |40 |3 |50 |1 <eos>|28
|55 |25 |40 |39 |26 |0 |23 <eos>|15
|55 |3 |50 |1 |15 |40 |2 <eos>|8
|9 |30 |43 |11 |15 |40 |46 |57 |53 <eos>|19
|49 |59 |52 |57 |36 |34 |56 |2 <eos>|8
|31 |29 |24 |11 |46 |57 |47 <eos>|8
|55 |59 |21 |25 |40 |53 <eos>|9
|57 |2 |19 |23 |53 <eos>|43
|55 |59 |12 |33 |4 |2 <eos>|8
|55 |3 |50 |1 |17 |26 |16 |53 <eos>|19
|55 |3 |50 |1 |45 |26 |16 <eos>|33
|55 |24 |43 |11 |26 |16 |15 |40 |53 <eos>|19
|55 |3 |50 |1 |17 |37 |2 <eos>|8
|55 |59 |30 |6 |5 |32 |50 |1 |2 <eos>|8
|55 |3 |50 |1 |15 |40 |53 <eos>|19
|57 |33 |50 |1 |45 |23 |53 <eos>|19
|55 |59 |30 |6 |43 |11 <eos>|45
|55 |59 |43 |11 |39 |26 |16 |53 <eos>|19
|55 |59 |22 |50 |1 |47 <eos>|48
|55 |12 |3 |50 |1 |53 <eos>|19
|9 |43 |11 |25 |40 |46 |57 |47 <eos>|8
|4 |13 |57 |13 |2 <eos>|8
|31 |40 |24 |52 |57 |47 <eos>|8
|31 |29 |10 |38 |47 <eos>|8
|55 |59 |30 |43 |11 <eos>|46
|58 |55 |3 |50 |1 |13 |2 <eos>|8
|55 |59 |43 |11 |13 |47 <eos>|19
|55 |3 |50 |1 |17 |26 |16 |53 <eos>|19
|55 |59 |43 |11 |13 |53 <eos>|19
|55 |59 |43 |11 |13 |2 <eos>|8
|57 |13 |39 |26 |16 |2 <eos>|8
|55 |39 |26 |16 |33 |50 |1 <eos>|45
|55 |25 |40 |3 |50 |1 |2 <eos>|8
|55 |59 |12 |25 |40 |47 <eos>|8
|55 |59 |12 |13 |2 <eos>|8
|55 |3 |50 |1 |15 |40 |53 <eos>|19
|55 |59 |12 |13 |2 <eos>|8
|55 |59 |5 |32 |43 |11 |47 <eos>|8
|9 |50 |13 |46 |57 |2 <eos>|8
|9 |5 |32 |44 |55 |3 |50 |1 |47 <eos>|8
|55 |3 |50 |1 |17 |26 |16 |53 <eos>|19
|55 |59 |43 |22 |11 |2 <eos>|8
|55 |59 |43 |11 |13 |2 <eos>|8
|55 |59 |30 |43 |11 |47 <eos>|8
|55 |3 |50 |1 |13 |53 <eos>|19
|55 |59 |12 |15 |40 |53 <eos>|19
|55 |59 |43 |21 |25 |40 |53 <eos>|19
|55 |59 |5 |32 |43 |11 |53 <eos>|19
|55 |59 |30 |43 |11 |39 |26 |16 <eos>|15
|55 |24 |4 |3 |4 |47 <eos>|8
|9 |21 |46 |57 |13 |15 |40 |53 <eos>|19
|55 |59 |43 |11 |13 |2 <eos>|8
|49 |59 |43 |21 |15 |40 |2 <eos>|8
|55 |59 |12 |3 |50 |1 |2 <eos>|8
|55 |39 |26 |16 |13 |2 <eos>|8
|31 |29 |59 |43 |52 |57 |47 <eos>|8
|55 |59 |43 |11 |53 <eos>|19
|31 |29 |44 |55 |3 |50 |1 |2 <eos>|8
|9 |5 |32 |6 |21 |46 |57 |53 <eos>|19
|55 |3 |50 |1 |17 |26 |16 |2 <eos>|8
|58 |55 |59 |12 |3 |4 |53 <eos>|19
|55 |59 |43 |21 |25 |40 |53 <eos>|19
|48 |44 |55 |3 |50 |1 |47 <eos>|19
|55 |3 |4 |39 |26 |16 |53 <eos>|19
|55 |59 |43 |11 |25 |40 |2 <eos>|8
|17 |26 |16 |44 |55 |3 |50 |1 |53 <eos>|19
|55 |12 |59 |12 |2 <eos>|8
|48 |38 |55 |43 |11 |47 <eos>|8
|55 |59 |22 |4 <eos>|28
|55 |59 |5 |32 |22 |4 |2 <eos>|8
|55 |59 |43 |11 |39 |26 |16 |53 <eos>|19
|9 |30 |55 |59 |11 <eos>|15
|31 |29 |59 |43 |52 |57 <eos>|15
|55 |59 |43 |11 |13 |2 <eos>|8
|19 |23 |38 |10 |57 |53 <eos>|19
|55 |59 |30 |43 |11 |15 |40 |2 <eos>|8
|9 |43 |11 |57 |39 |26 |16 |53 <eos>|19
|55 |59 |30 |43 |11 |53 <eos>|19
|55 |12 |18 |3 |4 |47 |48 |2 <eos>|8
|55 |59 |43 |11 |39 |37 <eos>|33
|55 |3 |50 |1 |15 |40 <eos>|24
|48 |55 |12 |45 |23 |53 <eos>|19
|55 |3 |50 |1 |15 |40 <eos>|3
|55 |59 |12 |3 |4 |2 <eos>|8
|58 |55 |12 |38 |13 |2 <eos>|8
|55 |59 |12 |54 |16 |53 <eos>|9
|55 |59 |30 |11 |28 |7 |53 <eos>|19
|55 |3 |50 |1 |15 |40 |53 <eos>|19
|55 |59 |43 |11 |25 |40 |53 <eos>|19
|55 |59 |12 |47 <eos>|8
|58 |55 |3 |50 |1 |2 <eos>|8
|55 |3 |50 |1 |17 |37 |2 <eos>|8
|58 |55 |59 |5 |32 |11 |47 <eos>|8
|55 |3 |50 |1 |13 |53 <eos>|19
|57 |42 |54 |16 |53 <eos>|19
|9 |43 |11 |46 |57 |13 |53 <eos>|19
|35 |24 |30 |5 |32 |11 |46 |57 |53 <eos>|19
|55 |3 |50 |1 |36 |34 |56 |53 <eos>|19
|9 |5 |32 |52 |57 |39 |26 |16 |53 <eos>|19
|55 |24 |43 |11 |13 |53 <eos>|19
|55 |13 |33 |50 |1 |47 <eos>|19
|55 |3 |50 |1 |15 |40 |53 <eos>|19
|55 |54 |16 |33 |50 |1 <eos>|17
|55 |3 |50 |1 |15 |40 |53 <eos>|19
|55 |3 |50 |1 |45 |23 |53 <eos>|19
|55 |12 |3 |50 |1 |15 |40 |53 <eos>|19
|9 |21 |44 |3 |4 |47 <eos>|19
|31 |29 |10 |57 |20 |3 |50 |1 |2 <eos>|8
|55 |59 |12 |14 |35 |53 <eos>|19
|31 |40 |10 |57 |18 |24 |21 <eos>|15
|9 |6 |30 |43 |11 |46 |57 |53 <eos>|19
|55 |12 |13 |33 |50 |1 |2 <eos>|8
|9 |5 |4 |38 |46 |57 |53 <eos>|19
|55 |12 |3 |4 |2 <eos>|8
|55 |42 |7 |13 |2 <eos>|8
|9 |5 |43 |11 |13 |15 |40 |46 |57 <eos>|15
|55 |13 |33 |4 |2 <eos>|8
|49 |59 |43 |11 |46 |57 |53 <eos>|19
|49 |59 |52 |57 |15 |40 |2 <eos>|8
|55 |59 |22 |4 |2 <eos>|8
|55 |25 |40 |45 |23 |28 |7 |2 <eos>|8
|55 |12 |38 |53 <eos>|19
|55 |59 |43 |11 |13 |2 <eos>|8
|55 |59 |5 |32 |43 |11 |53 <eos>|19
|55 |43 |11 |24 |5 |32 |12 <eos>|3
|55 |59 |12 |14 |35 |53 <eos>|19
|55 |59 |43 |11 |13 |2 <eos>|8
|55 |59 |12 |3 |50 |1 |53 <eos>|9
|9 |5 |32 |30 |43 |22 |11 |46 |57 |53 <eos>|19
|49 |59 |5 |32 |21 |57 |33 |4 |2 <eos>|8
|55 |59 |43 |11 |25 |40 |53 <eos>|19
|55 |42 |5 |32 |43 |11 |25 |40 |53 <eos>|19
|55 |59 |43 |11 |39 |26 |16 |2 <eos>|8
|55 |3 |50 |1 |13 |53 <eos>|19
|55 |59 |5 |32 |12 |13 |53 <eos>|19
|55 |39 |26 |16 |33 |50 |1 |53 <eos>|19
|9 |43 |11 |57 |39 |26 |16 |53 <eos>|19
|55 |59 |22 |5 |50 |1 |53 <eos>|19
|55 |59 |43 |11 |15 |40 |53 <eos>|19
|55 |3 |4 |39 |26 |16 |53 <eos>|19
|55 |43 |11 |45 |23 |53 <eos>|19
|9 |32 |11 |15 |40 |46 |57 |47 <eos>|8
|58 |55 |13 |20 <eos>|15
|55 |13 |33 |50 |1 |47 <eos>|19
|55 |59 |43 |11 |25 |40 <eos>|24
|55 |12 |15 |40 |2 <eos>|8
|55 |39 |26 |16 |39 |26 |16 |15 |40 <eos>|17
|55 |3 |50 |1 |13 |53 <eos>|19
|55 |3 |50 |1 |39 |26 |16 <eos>|33
|9 |21 |46 |57 |15 |40 |2 <eos>|8
|55 |3 |50 |1 |15 |40 |2 <eos>|8
|49 |59 |21 |46 |57 |13 |2 <eos>|8
|55 |59 |43 |11 |13 |2 <eos>|8
|55 |3 |4 |28 |7 |53 <eos>|19
|55 |59 |43 |11 |13 |2 <eos>|8
|49 |59 |52 |57 |47 <eos>|8
|55 |59 |12 |13 |2 <eos>|8
|55 |59 |22 |50 |1 |47 <eos>|8
|48 |52 |57 |45 |26 |2 <eos>|8
|24 |30 |43 |52 |57 |15 |40 |53 <eos>|19
|19 |5 |32 |43 |52 |57 <eos>|33
|55 |3 |50 |1 |17 |26 |16 |53 <eos>|19
|55 |59 |43 |11 |25 |40 |2 <eos>|8
|55 |3 |50 |1 |15 |40 |2 <eos>|8
|55 |3 |4 |13 |15 |40 <eos>|44
|55 |15 |40 |24 |5 |32 |50 |1 <eos>|15
|49 |59 |43 |52 |57 |25 |40 |53 <eos>|19
|43 |52 |57 |15 |40 |13 |2 <eos>|8
|9 |43 |11 |13 |46 |57 |53 <eos>|19
|55 |59 |12 |14 |35 |53 <eos>|19
|55 |59 |43 |12 |38 |47 <eos>|48
|55 |3 |50 |1 |17 |26 |16 |53 <eos>|19
|55 |59 |12 |3 |4 |2 <eos>|8
|55 |59 |12 |3 |50 |1 |47 <eos>|19
|27 |38 |44 |55 |39 |26 |16 |2 <eos>|8
|55 |59 |43 |11 |47 <eos>|8
|55 |59 |43 |11 |25 |40 |53 <eos>|19
|55 |59 |6 |30 |43 |11 |47 <eos>|8
|49 |59 |43 |11 |15 |40 |46 |57 |2 <eos>|8
|55 |59 |12 |38 |13 |2 <eos>|8
|57 |33 |50 |1 |17 |26 |16 <eos>|33
|48 |52 |57 |45 |23 <eos>|24
|49 |59 |5 |32 |11 |46 |57 <eos>|33
|55 |59 |12 |15 |40 <eos>|28
|58 |55 |59 |12 |39 |26 |16 <eos>|17
|55 |12 |24 |43 |11 |45 |23 |53 <eos>|19
|49 |59 |30 |21 |46 |57 |2 <eos>|8
|55 |59 |5 |32 |11 |39 |26 |16 |53 <eos>|19
|55 |3 |50 |1 |13 |53 <eos>|19
|49 |59 |52 |57 |2 <eos>|8
|9 |32 |43 |11 |46 |57 |53 <eos>|19
|55 |59 |30 |43 |11 |47 <eos>|8
|55 |59 |22 |50 |1 |15 |40 <eos>|3
|55 |39 |51 |40 |53 <eos>|19
|9 |12 |3 |50 |1 |46 |57 |17 |26 |16 <eos>|33
|55 |59 |12 |20 |45 |23 |2 <eos>|8
|55 |3 |50 |1 |17 |26 |16 |53 <eos>|19
|55 |59 |12 |3 |50 |1 |2 <eos>|8
|55 |3 |50 |1 |39 |26 |16 |53 <eos>|19
|55 |59 |22 |50 |1 <eos>|28
|55 |18 |24 |11 |13 |15 |40 <eos>|17
|55 |3 |5 |50 |1 |13 |53 <eos>|19
|58 |55 |12 |42 |7 |13 <eos>|17
|31 |34 |15 |40 |55 |39 |26 |16 <eos>|15
|55 |3 |50 |1 |15 |40 |2 <eos>|8
|48 |55 |3 |5 |32 |50 |1 |53 <eos>|19
|55 |3 |50 |1 |15 |40 |53 <eos>|19
|55 |59 |43 |11 |13 |2 <eos>|8
|9 |30 |43 |11 |20 |10 |57 |2 <eos>|8
|55 |12 |59 |43 |11 |53 <eos>|19
|55 |59 |12 |3 |4 |53 <eos>|19
|55 |3 |50 |1 |15 |40 <eos>|39
|9 |5 |32 |43 |11 |46 |57 |53 <eos>|19
|55 |59 |12 |15 |40 |53 <eos>|19
|55 |59 |12 |28 |7 |53 <eos>|19
|49 |59 |12 |46 |57 |33 |4 |2 <eos>|8
|55 |59 |5 |43 |11 |13 |15 |40 <eos>|3
|55 |59 |43 |11 |14 |34 |56 |2 <eos>|8
|55 |12 |33 |4 |13 |53 <eos>|19
|55 |3 |4 |28 |7 |53 <eos>|19
|55 |59 |5 |32 |43 |11 |53 <eos>|19
|55 |13 |33 |50 |1 |47 <eos>|19
|55 |3 |50 |1 |15 |40 |53 <eos>|19
|55 |59 |43 |11 |39 |26 |16 |53 <eos>|19
|55 |3 |50 |1 |17 |26 |16 |53 <eos>|19
|48 |55 |3 |50 |1 |47 <eos>|8
|55 |59 |12 |3 |4 |15 |40 |2 <eos>|8
|55 |30 |43 |11 |15 |40 <eos>|3
|55 |59 |5 |32 |43 |11 |15 |40 |53 <eos>|19
|55 |25 |38 |3 |50 |1 |36 |29 |53 <eos>|19
|55 |59 |5 |32 |43 |11 |53 <eos>|19
|58 |55 |59 |43 |11 |47 <eos>|8
|55 |3 |50 |1 |17 |26 |16 |53 <eos>|19
|55 |59 |43 |30 |11 |14 |35 |2 <eos>|8
|58 |43 |55 |39 |26 |16 |53 <eos>|19
|55 |59 |43 |11 |47 <eos>|19
|9 |43 |11 |14 |35 |46 |57 |53 <eos>|19
|55 |59 |43 |11 |47 <eos>|19
|55 |3 |50 |1 |17 |26 |16 |53 <eos>|19
|57 |13 |20 |13 |38 |53 <eos>|19
|55 |12 |25 |40 |53 <eos>|19
|58 |52 |57 |45 |23 |53 <eos>|19
|49 |59 |43 |52 |57 |20 |3 |50 |1 <eos>|28
|49 |59 |30 |43 |11 |46 |57 |2 <eos>|8
|55 |59 |43 |11 |25 |40 <eos>|10
|55 |12 |3 |4 |47 <eos>|8
|55 |3 |50 |1 |15 |40 |2 <eos>|8
|57 |45 |23 |38 |47 <eos>|8
|49 |59 |5 |32 |43 |52 |57 |53 <eos>|19
|55 |59 |30 |11 |47 <eos>|8
|55 |18 |15 |40 |20 |3 |50 |1 |2 <eos>|8
|55 |59 |12 |18 |25 |40 |53 <eos>|9
|9 |43 |21 |25 |40 |46 |57 |53 <eos>|19
|55 |59 |12 |14 |35 |53 <eos>|19
|9 |5 |32 |43 |11 |46 |57 |2 <eos>|8
|9 |21 |46 |57 |3 |5 |50 |1 |53 <eos>|19
|9 |6 |30 |43 |52 |57 |2 <eos>|8
|55 |59 |6 |30 |43 |11 <eos>|28
|9 |43 |52 |57 |13 |53 <eos>|19
|55 |59 |12 |25 |40 |2 <eos>|8
|9 |5 |32 |43 |11 |46 |57 |2 <eos>|8
|55 |3 |50 |1 |13 |53 <eos>|19
|58 |55 |12 |3 |50 |1 |13 |2 <eos>|8
|48 |55 |39 |26 |16 |2 <eos>|8
|55 |59 |43 |11 |39 |26 |16 <eos>|17
|55 |59 |43 |11 |53 <eos>|19
|55 |42 |7 |45 |23 |53 <eos>|19
|55 |59 |12 |15 |40 |53 <eos>|19
|49 |59 |30 |21 |25 |40 |2 <eos>|8
|9 |43 |11 |46 |57 |13 |2 <eos>|8
|24 |30 |43 |22 |11 |46 |57 <eos>|33
|55 |59 |12 |3 |50 <eos>|1
|55 |12 |15 |40 |45 |26 |16 |2 <eos>|8
|49 |59 |30 |43 |11 |20 |10 |57 |53 <eos>|19
|55 |3 |50 |1 |17 |26 |16 |2 <eos>|8
|55 |59 |12 |53 <eos>|19
|49 |59 |43 |11 |46 |57 |2 <eos>|8
|49 |59 |43 |52 |57 |2 <eos>|8
|55 |24 |4 |13 |2 <eos>|8
|58 |43 |52 |57 |42 |7 |53 <eos>|19
|9 |43 |11 |46 |57 |11 |13 <eos>|33
|58 |55 |12 |15 |40 |24 |11 <eos>|15
|58 |55 |12 |13 |38 |53 <eos>|19
|55 |59 |12 |25 |40 <eos>|24
|55 |3 |50 |1 |28 |7 |53 <eos>|19
|9 |32 |43 |52 |57 |53 <eos>|19
|55 |59 |47 |43 |11 |47 <eos>|8
|55 |3 |4 |36 |34 |56 |2 <eos>|8
|55 |59 |12 |39 |26 |16 |53 <eos>|19
|58 |35 |56 |24 |30 |21 |46 |57 |53 <eos>|19
|55 |12 |25 |40 |39 |26 |16 |2 <eos>|8
|55 |12 |25 |40 |54 |0 |23 <eos>|44
|55 |3 |50 |1 |13 |53 <eos>|19
|55 |59 |12 |3 |50 |1 |36 |34 |56 <eos>|24
|55 |3 |4 |13 |53 <eos>|19
|55 |43 |11 |45 |23 |53 <eos>|19
|55 |59 |12 |13 |53 <eos>|19
|55 |59 |43 |11 |25 |40 |2 <eos>|8
|55 |3 |50 |1 |13 |53 <eos>|19
|55 |3 |50 |1 |36 |34 |56 |2 <eos>|8
|55 |59 |43 |11 |25 |40 |53 <eos>|19
|55 |3 |50 |1 |13 |53 <eos>|19
|55 |59 |43 |11 |13 <eos>|33
|55 |59 |30 |43 |11 |47 <eos>|8
|55 |43 |11 |15 |40 |13 |45 |23 |2 <eos>|8
|55 |59 |30 |43 |11 |47 <eos>|19
|55 |59 |43 |11 |53 <eos>|19
|43 |52 |57 |15 |40 |2 <eos>|8
|9 |43 |11 |25 |40 |46 |57 |47 <eos>|8
|55 |24 |4 |13 |47 <eos>|8
|9 |21 |46 |57 |3 |50 |1 |2 <eos>|8
|55 |59 |43 |11 |13 |53 <eos>|19
|55 |3 |50 |1 |17 |26 |16 <eos>|33
|55 |42 |5 |32 |43 |11 |53 <eos>|19
|55 |3 |50 |1 |24 |43 |11 |47 <eos>|8
|55 |59 |5 |32 |22 |50 |1 <eos>|17
|55 |59 |12 |3 |50 |1 |2 <eos>|8
|55 |59 |12 |38 <eos>|44
|55 |12 |25 |40 |3 |50 |1 |2 <eos>|8
|55 |18 |24 |43 |30 |43 |11 |47 <eos>|8
|9 |21 |39 |26 |16 |46 |57 |53 <eos>|19
|57 |15 |40 |13 |33 |4 <eos>|17
|55 |12 |43 |11 |13 |2 <eos>|8
|55 |59 |30 |11 |13 |2 <eos>|8
|57 |33 |50 |1 |45 |23 |53 <eos>|19
|55 |18 |3 |4 |28 |7 |53 <eos>|19
|21 |13 |46 |57 |17 |26 |16 |53 <eos>|19
|55 |45 |23 |33 |50 |1 |2 <eos>|8
|55 |59 |30 |6 |5 |32 |11 |15 |40 |53 <eos>|19
|55 |12 |20 |13 |33 |4 |53 <eos>|19
|55 |59 |30 |11 |39 |26 |16 |15 |40 |53 <eos>|19
|31 |29 |44 |55 |3 |50 |1 <eos>|8
|55 |59 |12 |39 |26 |16 |2 <eos>|8
|55 |3 |50 |1 |17 |26 |16 |53 <eos>|19
|55 |12 |39 |26 |16 |2 <eos>|8
|49 |59 |12 |46 |57 |2 <eos>|8
|58 |55 |25 |40 |3 |50 |1 <eos>|15
|9 |43 |52 |57 |43 |21 |25 |40 |53 <eos>|19
|55 |59 |43 |11 |14 |34 |56 |2 <eos>|8
|55 |59 |12 |24 |4 |47 <eos>|8
|55 |59 |30 |43 |11 |47 <eos>|8
|45 |23 |55 |34 |16 <eos>|15
|55 |59 |43 |11 |35 |40 |53 <eos>|19
|9 |30 |22 |50 |1 |46 |57 |53 <eos>|19
|55 |59 |22 |40 |54 |16 <eos>|15
|17 |26 |16 |55 |3 |50 |1 |53 <eos>|19
|55 |59 |43 |11 |13 |53 <eos>|19
|49 |59 |52 |57 |15 |40 |53 <eos>|19
|27 |10 |57 |15 |40 |3 |50 |1 <eos>|15
|55 |59 |12 |15 |40 |2 <eos>|8
|55 |59 |12 |38 <eos>|44
|55 |59 |43 |11 |39 |26 |16 <eos>|33
|9 |30 |5 |52 |57 |47 <eos>|8
|57 |18 |3 |50 |1 |45 |23 <eos>|28
|55 |3 |50 |1 |15 |40 |53 <eos>|19
|55 |3 |50 |1 |17 |26 |16 |53 <eos>|19
|55 |43 |11 |23 |15 |40 <eos>|17
|9 |43 |11 |46 |57 |15 |40 |53 <eos>|19
|55 |59 |22 |50 |1 <eos>|45
|55 |36 |34 |56 |38 |47 <eos>|8
|49 |59 |52 |57 |47 <eos>|8
|55 |12 |36 |34 |56 <eos>|10
|55 |3 |50 |1 |17 |26 |16 <eos>|33
|43 |52 |57 |38 |2 <eos>|8
|55 |59 |43 |11 |38 |13 |2 <eos>|8
|55 |59 |21 |25 |40 <eos>|39
|55 |59 |12 |3 |50 |1 |47 <eos>|19
|9 |43 |11 |46 |57 |53 <eos>|19
|55 |59 |30 |43 |11 |47 <eos>|19
|55 |59 |30 |43 |11 |14 |35 |53 <eos>|19
|31 |29 |43 |52 |57 <eos>|28
|58 |55 |13 |2 <eos>|8
|27 |24 |4 |52 |57 |2 <eos>|8
|31 |35 |10 |55 |12 |45 |26 |16 |2 <eos>|8
|55 |59 |12 |23 |33 |50 |1 <eos>|17
|55 |24 |4 |13 |53 <eos>|19
|55 |59 |43 |11 |39 |26 |16 |2 <eos>|8
|55 |59 |12 |25 |40 |53 <eos>|19
|31 |29 |55 |12 |13 |2 <eos>|8
|55 |59 |6 |30 |43 |11 |47 <eos>|8
|55 |14 |51 |40 |53 <eos>|19
|55 |59 |6 |30 |43 |11 |47 <eos>|8
|55 |3 |50 |1 |15 |40 |53 <eos>|9
|49 |59 |43 |11 |45 |23 |46 |57 <eos>|45
|9 |43 |11 |15 |40 |46 |57 |47 <eos>|8
|55 |12 |3 |50 |1 |15 |40 |2 <eos>|8
|55 |59 |43 |11 |15 |40 |53 <eos>|19
|27 |4 |10 |57 |11 |47 <eos>|8
|55 |59 |43 |11 |47 <eos>|19
|55 |59 |12 |15 |40 |53 <eos>|19
|9 |22 |43 |52 |57 |47 <eos>|8
|55 |59 |12 |13 |53 <eos>|19
|55 |59 |43 |11 |39 |26 |16 |53 <eos>|19
|55 |3 |4 |45 |23 |53 <eos>|19
|55 |3 |4 |45 |23 |53 <eos>|19
|31 |35 |59 |43 |11 |46 |57 |47 <eos>|8
|26 |16 |17 |26 |16 |46 |57 <eos>|45
|55 |13 |33 |50 |1 |47 <eos>|19
|55 |3 |4 |39 |26 |16 |53 <eos>|19
|55 |3 |50 |1 |15 |40 |53 <eos>|9
|55 |3 |50 |1 |13 |28 |7 |53 <eos>|19
|49 |59 |43 |11 |46 |57 |53 <eos>|19
|55 |3 |50 |1 |17 |26 |16 |2 <eos>|8
|55 |59 |43 |21 |25 |40 |53 <eos>|19
|55 |59 |12 |39 |26 |16 |38 |53 <eos>|19
|31 |29 |55 |3 |50 |1 <eos>|15
|43 |52 |57 |25 |40 |53 <eos>|19
|9 |52 |55 |45 |23 |53 <eos>|19
|55 |59 |30 |12 |3 |50 |1 |53 <eos>|19
|9 |21 |46 |57 |15 |40 |2 <eos>|8
|57 |53 |48 |45 |23 |15 |40 |53 |29 <eos>|24
|58 |55 |59 |12 |47 <eos>|8
|55 |3 |50 |1 |17 |26 |16 |15 |40 |53 <eos>|19
|55 |59 |5 |32 |22 |50 |1 |53 <eos>|19
|58 |55 |33 |50 |1 |24 |11 |47 <eos>|8
|55 |59 |12 |3 |4 |53 <eos>|19
|57 |18 |25 |40 |18 |24 |4 |2 <eos>|8
|43 |11 |46 |57 |17 |26 |16 |2 <eos>|8
|55 |59 |5 |32 |11 |47 <eos>|8
|55 |3 |50 |1 |15 |40 |53 <eos>|9
|55 |59 |12 |14 |51 |40 |2 <eos>|8
|57 |33 |50 |1 |45 |23 |53 <eos>|19
|55 |59 |5 |32 |43 |11 |2 <eos>|8
|55 |59 |43 |11 |53 <eos>|19
|55 |59 |5 |32 |43 |11 |53 <eos>|19
|55 |59 |12 |13 |53 <eos>|19
|57 |33 |50 |1 |45 |23 |53 <eos>|19
|49 |59 |43 |11 |10 |57 |2 <eos>|8
|55 |42 |25 |40 |53 <eos>|19
|9 |21 |39 |26 |16 |46 |57 <eos>|45
|48 |55 |18 |24 |43 |11 |47 <eos>|8
|58 |43 |11 |46 |57 |13 |53 <eos>|19
|48 |55 |45 |23 |45 |23 |53 <eos>|19
|55 |59 |12 |3 |50 |1 |2 <eos>|8
|9 |43 |11 |10 |57 |2 <eos>|8
|55 |3 |50 |1 |15 |40 |2 <eos>|8
|48 |55 |13 |27 <eos>|24
|9 |12 |3 |4 |13 |46 |57 |2 <eos>|8
|55 |59 |6 |30 |43 |11 |47 <eos>|8
|10 |57 |20 |3 |50 |1 |15 |40 <eos>|3
|5 |32 |43 |52 |57 |45 |23 <eos>|44
|9 |21 |25 |40 |43 |52 |57 |47 <eos>|8
|58 |43 |11 |46 |57 |20 |13 |2 <eos>|8
|9 |21 |46 |57 |3 |50 |1 |15 |40 |53 <eos>|19
|55 |59 |12 |15 |40 |3 |50 |1 |2 <eos>|8
|58 |55 |15 |40 |53 |26 |16 |38 |47 <eos>|8
|48 |44 |55 |12 |3 |50 |1 |2 <eos>|8
|55 |12 |59 |12 |3 |4 <eos>|10
|55 |3 |50 |1 |17 |26 |16 |2 <eos>|8
|9 |43 |11 |46 |57 |13 |53 <eos>|19
|55 |12 |25 |40 |2 <eos>|8
|55 |3 |4 |28 |7 <eos>|17
|31 |29 |24 |43 |11 |46 |57 |47 <eos>|8
|55 |59 |12 |15 |40 |2 <eos>|8
|9 |43 |52 |57 |28 |7 |53 <eos>|19
|31 |29 |10 |43 |52 |57 |47 <eos>|8
|55 |59 |12 |47 <eos>|8
|55 |59 |43 |11 |36 |34 |56 |53 <eos>|19
|9 |21 |10 |57 |47 <eos>|8
|55 |59 |22 |1 |15 |40 |53 <eos>|19
|55 |3 |50 |1 |45 |23 <eos>|33
|9 |32 |11 |15 |40 |46 |57 |47 <eos>|8
|55 |12 |33 |4 |28 |7 |53 <eos>|19
|55 |59 |43 |11 |47 <eos>|19
|49 |59 |43 |22 |11 |15 |40 |46 |57 |2 <eos>|8
|55 |59 |30 |21 |25 |40 <eos>|17
|55 |39 |26 |16 |25 |40 <eos>|45
|55 |59 |43 |12 |3 |5 |32 |43 |11 |53 <eos>|19
|55 |59 |12 |25 |40 |53 <eos>|19
|55 |59 |5 |32 |21 |38 |2 <eos>|8
|55 |42 |14 |35 |48 |13 <eos>|45
|57 |15 |40 |45 |23 |13 <eos>|15
|9 |43 |52 |57 |15 |40 |2 <eos>|8
|9 |5 |32 |6 |30 |11 |46 |57 |53 <eos>|19
|55 |59 |21 |25 |40 |53 <eos>|19
|55 |25 |40 |59 |43 |21 <eos>|15
|55 |59 |5 |32 |6 |30 |11 |53 <eos>|19
|55 |59 |43 |11 |15 |40 |2 <eos>|8
|55 |59 |43 |11 |13 |2 <eos>|8
|49 |59 |12 |46 |57 |2 <eos>|8
|55 |3 |50 |1 |15 |40 <eos>|3
|55 |3 |50 |1 |45 |23 |53 <eos>|19
|58 |55 |59 |12 |25 |40 |2 <eos>|8
|31 |29 |44 |5 |32 |52 |57 |47 <eos>|8
|48 |57 |27 |30 |50 |1 |53 <eos>|19
|55 |59 |22 |50 |1 |47 <eos>|19
|55 |59 |43 |11 |13 |2 <eos>|8
|19 |23 |38 |44 |55 |3 |50 |1 |53 <eos>|19
|9 |43 |11 |46 |57 |2 <eos>|8
|55 |3 |50 |1 |17 |37 |2 <eos>|8
|43 |52 |57 |17 |26 |16 |53 <eos>|19
|55 |59 |12 |18 |25 |40 |53 <eos>|19
|55 |12 |15 |40 |50 |1 |23 <eos>|17
|55 |12 |15 |40 |3 |5 |50 |1 |2 <eos>|8
|55 |3 |4 |45 |23 |53 <eos>|19
|55 |3 |50 |1 |17 |26 |16 |53 <eos>|19
|48 |55 |13 |38 |2 <eos>|8
|9 |52 |57 |13 |2 <eos>|8
|55 |13 |33 |50 |1 |47 <eos>|19
|55 |3 |50 |1 |36 |34 |56 |2 <eos>|8
|55 |59 |12 |47 <eos>|8
|31 |35 |3 |4 |10 |57 <eos>|17
|55 |3 |4 |28 |7 |53 <eos>|19
|55 |25 |40 |36 |35 <eos>|15
|55 |3 |4 |15 |40 |53 <eos>|19
|55 |3 |4 |20 |13 |2 <eos>|8
|55 |3 |4 |28 |7 <eos>|33
|31 |35 |55 |12 |13 |2 <eos>|8
|55 |3 |50 |1 |15 |40 |53 <eos>|19
|55 |25 |40 |3 |50 |1 |2 <eos>|8
|43 |52 |57 |37 |15 |40 |2 <eos>|8
|9 |52 |57 |25 |40 |2 <eos>|8
|55 |59 |43 |11 |53 <eos>|19
|43 |52 |24 |12 |46 |57 |2 <eos>|8
|55 |59 |5 |32 |11 |25 |40 |53 <eos>|19
|55 |3 |50 |1 |15 |40 |2 <eos>|8
|9 |21 |15 |40 |46 |57 |47 <eos>|8
|31 |29 |24 |43 |52 |57 |47 <eos>|8
|9 |12 |13 |46 |57 |2 <eos>|8
|58 |52 |57 |39 |26 |16 |53 <eos>|19
|49 |59 |43 |52 |57 |25 |40 <eos>|17
|55 |3 |50 |1 |15 |40 <eos>|39
|55 |59 |5 |32 |11 |47 <eos>|8
|55 |59 |43 |11 |47 <eos>|19
|55 |59 |12 |47 <eos>|8
|9 |21 |46 |57 |20 |3 |5 |50 |1 |2 <eos>|8
|55 |59 |12 |33 |50 |1 |47 <eos>|8
|9 |50 |54 |16 |55 |15 |40 <eos>|24
|5 |32 |30 |43 |52 |57 |12 <eos>|3
|55 |59 |30 |43 |11 |25 |40 |53 <eos>|19
|55 |12 |15 |40 |50 |1 |23 <eos>|17
|55 |59 |43 |11 |39 |26 |16 |53 <eos>|19
|55 |59 |43 |22 |11 |15 |40 |53 <eos>|19
|27 |57 |11 |25 |40 |2 <eos>|8
|55 |59 |5 |32 |43 |11 |25 |40 |53 <eos>|19
|55 |59 |12 |42 |7 |53 <eos>|19
|55 |59 |30 |43 |11 |47 <eos>|19
|55 |13 |33 |5 |50 |1 |15 |40 |53 <eos>|19
|55 |59 |14 |35 |53 <eos>|19
|55 |59 |5 |32 |30 |43 |11 <eos>|45
|9 |30 |43 |11 |46 |57 |47 <eos>|8
|9 |43 |11 |27 |57 |2 <eos>|8
|55 |59 |5 |32 |12 |14 |35 <eos>|44
|55 |3 |50 |1 |15 |40 |53 <eos>|19
|31 |29 |44 |12 |57 <eos>|15
|55 |3 |50 |1 |45 |23 |53 <eos>|19
|55 |59 |12 |3 |50 |1 |2 <eos>|8
|57 |18 |3 |50 |1 |45 |23 <eos>|28
|5 |32 |55 |18 |24 |43 |11 |53 <eos>|19
|9 |12 |15 |40 |46 |57 |47 <eos>|8
|9 |5 |52 |57 |13 <eos>|33
|55 |59 |5 |32 |43 |11 |15 |40 |53 <eos>|19
|55 |59 |43 |11 |39 |26 |16 |53 <eos>|19
|55 |59 |43 |11 |53 <eos>|19
|55 |59 |5 |32 |12 |3 |4 |2 <eos>|8
|55 |59 |5 |32 |11 |47 <eos>|8
|55 |3 |50 |1 |17 |26 |16 |53 <eos>|19
|55 |3 |50 |1 |15 |40 |2 <eos>|8
|55 |59 |12 |15 |40 <eos>|15
|55 |59 |12 |15 |40 |53 <eos>|9
|55 |59 |12 |2 <eos>|8
|55 |59 |43 |11 |47 <eos>|19
|55 |59 |12 |25 |40 |53 <eos>|19
|55 |3 |50 |1 |2 |8 |25 |40 |53 <eos>|19
|55 |59 |43 |11 |25 |40 |2 <eos>|8
|55 |59 |5 |32 |11 |25 |40 |53 <eos>|19
|55 |3 |50 |1 |28 |7 |53 <eos>|19
|57 |33 |4 |17 |26 |16 |2 <eos>|8
|49 |59 |30 |11 |15 |40 |46 |57 |53 <eos>|19
|55 |59 |30 |43 |11 |53 <eos>|19
|55 |12 |13 |15 |40 |53 <eos>|19
|9 |43 |21 |25 |40 |10 |57 |47 <eos>|8
|55 |59 |43 |6 |30 |6 |12 |2 <eos>|8
|10 |57 |42 |38 |43 |11 |47 <eos>|8
|48 |52 |57 |39 |26 |16 |2 <eos>|8
|55 |59 |5 |32 |11 |25 |40 <eos>|45
|55 |59 |5 |32 |43 |11 |15 |40 |53 <eos>|19
|27 |57 |47 |48 |44 <eos>|10
|9 |43 |11 |25 |40 |46 |57 |47 <eos>|8
|55 |59 |30 |21 |36 |34 |56 |53 <eos>|19
|57 |33 |4 |13 |2 <eos>|8
|9 |43 |11 |39 |26 |16 |46 |57 |2 <eos>|8
|55 |25 |40 |3 |50 |1 |2 <eos>|8
|55 |45 |23 |38 |53 <eos>|19
|49 |59 |43 |11 |46 |57 |53 <eos>|19
|55 |59 |43 |11 |25 |40 <eos>|3
|55 |59 |12 |13 |2 <eos>|8
|55 |59 |30 |43 |11 |47 <eos>|8
|57 |33 |50 |1 |45 |23 |53 <eos>|19
|55 |59 |30 |43 |11 |15 |40 |53 <eos>|19
|55 |59 |30 |43 |11 |53 <eos>|19
|55 |14 |34 |56 |33 |50 |1 |2 <eos>|8
|55 |59 |30 |12 |3 |4 <eos>|28
|55 |24 |43 |11 |13 <eos>|45
|55 |59 |30 |12 |47 <eos>|19
|55 |24 |6 |43 |11 |47 <eos>|19
|55 |59 |30 |21 |36 |35 |2 <eos>|8
|24 |30 |11 |15 |40 |46 |57 <eos>|39
|58 |55 |3 |5 |32 |6 |5 |50 |1 |53 <eos>|19
|55 |59 |12 |39 |26 |16 |53 <eos>|19
|5 |32 |43 |52 |57 |45 |23 <eos>|44
|9 |43 |52 |57 |15 |40 |53 <eos>|19
|55 |59 |22 |50 |1 |20 <eos>|3
|9 |43 |11 |13 |46 |57 |53 <eos>|19
|55 |59 |12 |39 |26 |16 |53 <eos>|19
|55 |59 |30 |43 |11 |47 <eos>|19
|31 |35 |24 |5 |32 |21 |46 |57 |53 <eos>|19
|55 |59 |43 |11 |14 |35 |53 <eos>|19
|9 |21 |13 |46 |57 |2 <eos>|8
|48 |55 |59 |43 |11 |47 <eos>|19
|55 |59 |6 |30 |43 |11 |47 <eos>|8
|55 |59 |22 |50 |1 |47 <eos>|8
|55 |3 |50 |1 |17 |26 |16 |53 <eos>|19
|55 |12 |4 |15 |40 <eos>|3
|55 |3 |50 |1 |17 |26 |16 |2 <eos>|8
|49 |59 |43 |52 |57 |2 <eos>|8
|55 |12 |3 |50 |1 |15 |40 |53 <eos>|19
|49 |59 |43 |11 |39 |26 |16 |10 |57 <eos>|33
|55 |3 |50 |1 |17 |26 |16 |53 <eos>|19
|55 |3 |50 |1 |45 |23 |53 <eos>|19
|55 |59 |43 |11 |14 |35 |56 |2 <eos>|8
|55 |18 |24 |6 |43 |11 |47 <eos>|19
|55 |3 |4 |36 |34 |56 |2 <eos>|8
|31 |29 |10 |30 |43 |11 |47 <eos>|8
|49 |59 |43 |11 |46 |57 |53 <eos>|19
|58 |52 |57 |3 |4 |15 |40 |53 <eos>|19
|55 |59 |43 |11 |25 |40 |2 <eos>|8
|49 |59 |30 |43 |11 |57 <eos>|33
|55 |59 |12 |14 |35 |53 <eos>|19
|55 |59 |12 |13 |2 <eos>|8
|55 |59 |30 |43 |11 |25 |40 |53 <eos>|19
|55 |3 |50 |1 |13 |53 <eos>|19
|58 |34 |56 |24 |21 |46 |57 |2 <eos>|8
|9 |21 |44 |55 |13 |47 <eos>|8
|55 |12 |3 |50 |1 |15 |40 |2 <eos>|8
|9 |43 |11 |25 |40 |20 |10 |57 |47 <eos>|8
|55 |3 |50 |1 |13 |53 <eos>|19
|27 |24 |4 |13 |2 <eos>|8
|55 |3 |50 |1 |17 |26 |16 |2 <eos>|8
|55 |12 |3 |6 |30 |4 |2 <eos>|8
|55 |59 |6 |30 |43 |11 |47 <eos>|8
|55 |59 |43 |11 |25 |40 |53 <eos>|19
|31 |35 |56 |55 |12 |3 |50 |1 |2 <eos>|8
|24 |21 |46 |57 |13 <eos>|33
|55 |3 |50 |1 |17 |26 |16 |53 <eos>|19
|55 |12 |3 |50 |1 |39 |26 |16 |2 <eos>|8
|55 |59 |12 |13 |53 <eos>|19
|55 |59 |30 |4 |47 <eos>|8
|55 |59 |12 |3 |4 |2 <eos>|8
|55 |59 |12 |15 |40 <eos>|33
|55 |59 |43 |22 |11 |36 |34 |56 |2 <eos>|8
|55 |59 |43 |11 |13 |2 <eos>|8
|27 |13 |46 |57 |47 <eos>|8
|31 |29 |10 |55 |59 |12 |47 <eos>|8
|55 |39 |26 |16 |15 |40 |53 <eos>|19
|55 |24 |4 |28 |7 |53 <eos>|19
|55 |3 |50 |1 |15 |40 |53 <eos>|19
|55 |59 |12 |33 |4 |47 <eos>|8
|48 |52 |55 |12 |47 <eos>|8
|55 |3 |50 |1 |17 |26 |16 |53 <eos>|19
|9 |43 |52 |57 |17 |37 <eos>|10
|55 |42 |5 |50 |1 |13 |2 <eos>|8
|55 |59 |43 |11 |13 |2 <eos>|8
|55 |59 |43 |11 |47 <eos>|8
|43 |11 |46 |57 |2 <eos>|8
|55 |59 |22 |50 |1 |47 <eos>|19
|49 |59 |52 |57 |14 |34 |56 |2 <eos>|8
|57 |13 |38 |2 <eos>|8
|55 |12 |4 |15 |40 <eos>|3
|55 |59 |5 |32 |11 |15 |40 <eos>|24
|49 |59 |21 |46 |57 |33 |4 |2 <eos>|8
|9 |43 |52 |57 |3 |50 |1 |2 <eos>|8
|58 |21 |57 |17 |26 |16 |15 |40 <eos>|3
|55 |59 |12 |3 |50 |1 |2 <eos>|8
|48 |17 |26 |16 |46 |57 |53 <eos>|19
|9 |21 |46 |57 |3 |4 |13 |53 <eos>|19
|55 |59 |22 |50 |1 |53 <eos>|19
|55 |59 |30 |12 |13 |53 <eos>|19
|57 |39 |26 |16 |13 |47 <eos>|8
|55 |3 |5 |50 |1 |15 |40 |53 <eos>|19
|9 |5 |32 |21 |46 |57 |33 |50 |1 |2 <eos>|8
|25 |40 |44 |55 |3 |50 |1 |2 <eos>|8
|9 |21 |36 |34 |56 |46 |57 |47 <eos>|8
|55 |3 |5 |32 |50 |1 |13 <eos>|33
|55 |59 |43 |11 |39 |26 |16 <eos>|33
|9 |43 |11 |46 |57 |39 |26 |16 |53 <eos>|19
|55 |59 |43 |11 |39 |26 |16 |53 <eos>|19
|55 |59 |6 |5 |32 |11 |47 <eos>|8
|55 |13 |33 |50 |1 |47 <eos>|19
|58 |43 |52 |57 |39 |26 |16 <eos>|33
|55 |59 |43 |11 |47 <eos>|19
|9 |30 |21 |44 |57 |2 <eos>|8
|55 |3 |5 |32 |43 |11 |47 <eos>|8
|55 |59 |12 |13 |2 <eos>|8
|55 |39 |26 |16 |2 <eos>|8
|55 |59 |30 |4 |47 <eos>|8
|49 |59 |43 |52 |57 |2 <eos>|8
|31 |35 |44 |10 |57 |18 |3 |50 |1 |2 <eos>|8
|55 |3 |50 |1 |45 |23 |53 <eos>|19
|55 |59 |43 |11 |54 |16 <eos>|33
|49 |59 |52 |57 |15 |40 |53 <eos>|19
|57 |33 |4 |28 |38 <eos>|44
|31 |40 |46 |57 |13 |2 <eos>|8
|49 |59 |12 |15 |40 |46 |57 |53 <eos>|19
|55 |59 |43 |11 |25 |40 |53 <eos>|19
|55 |59 |21 |25 |40 |53 <eos>|19
|17 |26 |16 |55 |3 |50 |1 |53 <eos>|19
|55 |59 |12 |3 |50 |1 |2 <eos>|8
|55 |12 |39 |26 |16 |53 <eos>|19
|55 |59 |5 |32 |43 |11 |15 |40 |53 <eos>|19
|55 |15 |40 |24 |5 |32 |50 |1 <eos>|15
|57 |33 |50 |1 |45 |23 |53 <eos>|19
|9 |21 |46 |57 |2 <eos>|8
|55 |59 |12 |3 |4 |2 <eos>|8
|55 |59 |12 |13 |2 <eos>|8
|9 |43 |52 |57 |11 |53 <eos>|19
|48 |57 |17 |26 |16 |15 |40 |53 <eos>|19
|55 |59 |12 |13 |2 <eos>|8
|55 |25 |51 |35 <eos>|44
|55 |3 |50 |1 |17 |26 |16 |53 <eos>|19
|55 |59 |12 |25 |40 <eos>|24
|55 |59 |6 |30 |11 |47 <eos>|8
|55 |3 |50 |1 |15 |40 |13 |2 <eos>|8
|55 |59 |43 |11 |13 |2 <eos>|8
|55 |3 |50 |1 |28 |7 |53 <eos>|19
|55 |12 |3 |4 |15 |35 |2 <eos>|8
|55 |3 |4 |13 |38 |53 <eos>|19
|55 |12 |6 |30 |12 <eos>|15
|55 |59 |12 |3 |4 |45 |23 <eos>|33
|57 |39 |25 |40 |3 |50 |1 |2 <eos>|8
|55 |59 |12 |36 |34 |56 <eos>|24
|58 |21 |57 |17 |26 |16 |15 |40 <eos>|3
|49 |59 |43 |11 |46 |57 |2 <eos>|8
|55 |59 |12 |3 |50 |1 <eos>|17
|57 |33 |50 |1 |45 |23 |53 <eos>|19
|55 |59 |43 |11 |39 |26 |16 |53 <eos>|19
|9 |5 |32 |11 |46 |57 |15 |40 |53 <eos>|19
|48 |44 |55 |45 |23 |53 <eos>|19
|55 |59 |22 |4 |2 <eos>|8
|55 |59 |43 |11 |39 |26 |16 |53 <eos>|19
|55 |59 |5 |32 |30 |43 |11 |53 <eos>|19
|55 |3 |4 |15 |40 |53 <eos>|19
|55 |59 |12 |3 |50 |1 <eos>|17
|55 |25 |40 |39 |26 |16 |2 <eos>|8
|55 |59 |22 |4 |53 <eos>|19
|55 |3 |4 |28 |7 <eos>|17
|55 |59 |12 |13 |15 |35 <eos>|24
|55 |3 |4 |13 |2 <eos>|8
|55 |59 |5 |32 |43 |11 |53 <eos>|19
|9 |21 |33 |4 |10 |57 |2 <eos>|8
|9 |12 |15 |40 |46 |57 |39 |26 |16 <eos>|17
|55 |59 |30 |12 |3 |50 |1 <eos>|15
|55 |59 |30 |43 |11 |47 <eos>|8
|55 |59 |43 |11 |53 <eos>|19
|55 |59 |22 |4 |2 <eos>|8
|9 |21 |46 |57 |2 <eos>|8
|55 |59 |30 |22 |50 |1 |53 <eos>|19
|55 |59 |6 |12 |53 <eos>|19
|58 |55 |12 |3 |5 |32 |50 |1 |53 <eos>|19
|55 |13 |15 |40 |53 <eos>|19
|9 |21 |15 |40 <eos>|53
|55 |3 |50 |1 |26 |16 |53 <eos>|19
|9 |43 |11 |46 |57 |14 |35 |56 |53 <eos>|19
|55 |59 |12 |39 |26 |16 |53 <eos>|19
|55 |59 |21 |25 |40 |53 <eos>|9
|49 |59 |30 |52 |57 |2 <eos>|8
|55 |54 |16 |15 |40 <eos>|10
|55 |59 |30 |12 |53 <eos>|19
|10 |57 |33 |4 |45 |23 |53 <eos>|19
|55 |25 |40 |13 <eos>|15
|55 |59 |12 |2 <eos>|8
|55 |59 |12 |25 |40 <eos>|28
|9 |43 |11 |38 |44 |55 <eos>|39
|5 |32 |52 |57 |3 |4 |38 |2 <eos>|8
|43 |52 |57 |13 <eos>|33
|55 |3 |50 |1 |13 |53 <eos>|19
|55 |25 |40 |28 |7 |2 <eos>|8
|45 |23 |44 |55 |59 |12 <eos>|45
|9 |21 |39 |26 |16 |13 |46 |57 |2 <eos>|8
|9 |43 |11 |18 |25 |40 |28 |7 |2 <eos>|8
|48 |52 |57 |23 |53 <eos>|19
|55 |59 |43 |6 |30 |11 |53 <eos>|19
|55 |59 |12 |42 |7 <eos>|33
|55 |59 |5 |32 |43 |11 |25 |40 <eos>|3
|55 |36 |34 |56 |3 |50 |1 |2 <eos>|8
|55 |59 |6 |43 |11 |47 <eos>|8
|55 |59 |12 |39 |26 |16 |53 <eos>|19
|49 |59 |5 |32 |43 |52 |57 |2 <eos>|8
|58 |5 |50 |1 |10 |57 |45 |23 |53 <eos>|19
|55 |59 |43 |11 |14 |35 |53 <eos>|19
|31 |29 |55 |3 |50 |1 <eos>|8
|55 |12 |3 |4 |53 <eos>|19
|9 |43 |11 |46 |57 |13 |2 <eos>|8
|55 |59 |30 |43 |11 |47 <eos>|8
|55 |59 |43 |11 |13 |2 <eos>|8
|9 |43 |11 |10 |57 |53 <eos>|19
|58 |55 |59 |43 |11 |14 |35 |53 <eos>|19
|55 |12 |25 |40 |2 <eos>|8
|55 |24 |21 |15 |40 |53 <eos>|19
|9 |43 |21 |25 |40 |10 |57 |47 <eos>|8
|55 |18 |24 |12 |15 |40 |53 <eos>|9
|57 |11 |35 |40 |13 |2 <eos>|8
|55 |45 |23 |24 |4 |53 <eos>|19
|55 |59 |43 |11 |13 |2 <eos>|8
|55 |3 |50 |1 |45 |23 |53 <eos>|19
|55 |43 |11 |28 |7 |53 <eos>|19
|55 |59 |12 |3 |50 |1 |17 |26 |16 <eos>|33
|49 |59 |43 |11 |46 |57 |53 <eos>|19
|58 |55 |59 |12 |47 <eos>|8
|29 |10 |5 |32 |43 |21 |25 |40 <eos>|39
|58 |55 |59 |43 |11 |15 |40 |53 <eos>|19
|55 |59 |12 |15 |40 |3 |50 |1 <eos>|15
|9 |43 |11 |46 |57 |2 <eos>|8
|55 |3 |50 |1 |15 |40 |53 <eos>|19
|55 |59 |30 |11 |25 |40 |53 <eos>|19
|57 |33 |50 |1 |45 |23 |53 <eos>|19
|55 |59 |5 |32 |43 |11 |47 <eos>|19
|55 |59 |43 |11 |47 <eos>|19
|57 |6 |43 |11 |17 |0 |23 <eos>|33
|55 |59 |43 |11 |47 <eos>|19
|31 |35 |44 |24 |21 |46 |57 |53 <eos>|19
|55 |59 |22 |50 |1 <eos>|45
|55 |3 |50 |1 |13 |53 <eos>|19
|55 |3 |4 |45 |23 |53 <eos>|19
|55 |59 |30 |12 |15 |40 <eos>|45
|55 |59 |12 |25 |40 |53 <eos>|19
|55 |59 |5 |32 |43 |11 |15 |40 |53 <eos>|19
|55 |18 |24 |12 |3 |50 |1 <eos>|28
|55 |59 |43 |11 |25 |40 |53 <eos>|9
|55 |59 |43 |11 |13 |17 |37 <eos>|33
|55 |59 |12 |3 |50 |1 |2 <eos>|8
|55 |59 |5 |32 |43 |11 |53 <eos>|19
|55 |59 |12 |36 |34 |56 <eos>|24
|55 |12 |13 |33 |4 |53 <eos>|19
|55 |59 |30 |43 |11 |15 |40 |2 <eos>|8
|55 |3 |50 |1 |15 |40 |39 |26 |2 <eos>|8
|55 |59 |5 |32 |6 |43 |11 |47 <eos>|8
|31 |29 |10 |57 |24 |30 |43 |11 |47 <eos>|8
|55 |59 |43 |11 |36 |35 |56 |2 <eos>|8
|55 |3 |50 |1 |15 |40 |53 <eos>|19
|55 |3 |50 |1 |13 |53 <eos>|19
|55 |59 |43 |22 |11 |36 |34 |56 |2 <eos>|8
|55 |59 |12 |3 |4 |2 <eos>|8
|55 |3 |50 |1 |36 |51 |53 <eos>|19
|55 |59 |12 |25 |40 <eos>|10
|55 |59 |22 |50 |1 |47 <eos>|8
|58 |52 |57 |45 |23 |53 <eos>|19
|9 |43 |11 |46 |57 |2 <eos>|8
|55 |59 |43 |11 |36 |34 |56 |53 <eos>|19
|55 |53 |19 |50 |1 |47 |48 <eos>|44
|55 |13 |15 |40 |53 <eos>|19
|55 |12 |15 |40 |53 <eos>|19
|55 |59 |43 |11 |47 <eos>|19
|45 |23 |55 |34 |16 <eos>|15
|9 |6 |30 |21 |46 |57 |53 <eos>|19
|49 |59 |5 |32 |43 |52 |57 |2 <eos>|8
|55 |59 |5 |32 |11 |13 |53 <eos>|19
|55 |3 |50 |1 |17 |26 |16 |53 <eos>|19
|55 |25 |40 |39 |26 |50 |1 |2 <eos>|8
|55 |13 |17 |26 |16 |53 <eos>|19
|55 |59 |12 |15 |40 |3 |50 |1 |2 <eos>|8
|55 |25 |40 |39 |26 |0 |23 <eos>|15
|57 |6 |43 |11 |45 |23 |53 <eos>|19
|9 |43 |11 |25 |40 |46 |57 |2 <eos>|8
|55 |59 |12 |3 |4 |45 |23 <eos>|33
|55 |59 |43 |11 |53 <eos>|19
|48 |44 |55 |3 |50 |1 |47 <eos>|19
|43 |52 |57 |45 |23 |53 <eos>|19
|55 |59 |12 |18 |25 |40 <eos>|17
|55 |3 |50 |1 |39 |26 |16 |53 <eos>|19
|55 |12 |46 |57 |17 |26 |16 <eos>|15
|55 |30 |43 |11 |15 |40 <eos>|3
|55 |12 |3 |4 |36 |34 |15 |40 |2 <eos>|8
|55 |59 |5 |32 |11 |53 <eos>|19
|9 |32 |43 |11 |46 |57 |53 <eos>|19
|55 |59 |12 |15 |40 |2 <eos>|8
|57 |28 |7 |33 |50 |1 |47 <eos>|8
|9 |12 |25 |40 |46 |57 |2 <eos>|8
|49 |59 |30 |21 |46 |57 |53 <eos>|19
|55 |59 |5 |32 |43 |11 |47 <eos>|8
|55 |59 |12 |3 |4 |2 <eos>|8
|55 |3 |50 |1 |13 <eos>|33
|55 |18 |24 |11 |20 |28 |7 |2 <eos>|8
|55 |18 |4 |36 |35 |44 |48 |2 <eos>|8
|55 |59 |43 |11 |15 |40 |2 <eos>|8
|55 |39 |26 |0 |23 |38 |53 <eos>|19
|9 |43 |52 |57 |15 |40 |53 <eos>|19
|9 |43 |11 |25 |40 |46 |57 |47 <eos>|8
|58 |5 |32 |55 |3 |50 |1 <eos>|45
|9 |43 |52 |57 |25 |40 |53 <eos>|19
|55 |59 |43 |11 |39 |26 |16 |53 <eos>|19
|9 |12 |33 |50 |1 |46 |57 |53 <eos>|19
|9 |21 |46 |57 |45 |23 |53 <eos>|19
|55 |12 |59 |30 |22 |4 |53 <eos>|19
|55 |59 |12 |3 |50 |1 |2 <eos>|8
|55 |14 |35 |59 |43 |11 |53 <eos>|19
|49 |59 |43 |11 |46 |57 |2 <eos>|8
|55 |59 |12 |20 |13 |53 <eos>|19
|43 |52 |57 |39 |26 |16 |53 <eos>|19
|43 |11 |46 |57 |15 |40 |53 |48 |2 <eos>|8
|55 |25 |40 |3 |50 |1 |28 |7 |2 <eos>|8
|58 |55 |59 |12 |13 |2 <eos>|8
|55 |59 |5 |32 |22 |4 |2 <eos>|8
|55 |59 |5 |32 |12 |3 |50 |1 |53 <eos>|19
|55 |3 |50 |1 |45 |23 |53 <eos>|19
|55 |59 |30 |22 |50 |1 |47 <eos>|8
|9 |30 |6 |43 |11 |46 |57 |53 <eos>|19
|49 |59 |43 |52 |57 |15 |40 |2 <eos>|8
|55 |59 |22 |50 |1 |13 |2 <eos>|8
|55 |59 |12 |3 |4 |47 <eos>|8
|9 |30 |11 |20 |10 |57 |2 <eos>|8
|55 |59 |30 |21 |36 |34 |56 |53 <eos>|19
|55 |13 |45 |23 |53 <eos>|19
|55 |59 |43 |12 |3 |50 |1 |53 <eos>|19
|9 |21 |46 |57 |15 |40 |2 <eos>|8
|55 |59 |5 |32 |6 |30 |21 |13 |53 <eos>|19
|55 |59 |43 |11 |39 |26 |16 |53 <eos>|19
|10 |57 |15 |40 |39 |37 <eos>|15
|55 |3 |50 |1 |45 |23 |53 <eos>|19
|55 |59 |12 |39 |26 |16 |2 <eos>|8
|55 |59 |5 |32 |43 |11 |15 |40 |53 <eos>|19
|9 |52 |57 |13 |2 <eos>|8
|55 |59 |12 |3 |50 |1 |47 <eos>|19
|55 |59 |43 |21 |15 |40 |53 <eos>|19
|55 |3 |50 |1 |15 |40 |53 <eos>|19
|55 |3 |50 |1 |28 |7 |53 <eos>|19
|58 |55 |3 |50 |1 |15 |40 |53 <eos>|19
|55 |12 |3 |50 |1 |15 |40 |53 <eos>|48
|55 |59 |12 |15 |40 <eos>|10
|21 |46 |57 |20 |3 |4 |13 |2 <eos>|8
|55 |15 |35 |3 |50 |1 |13 |2 <eos>|8
|55 |15 |40 |36 |29 |3 |50 |1 |2 <eos>|8
|55 |12 |3 |50 |1 |39 |26 |16 |53 <eos>|19
|55 |15 |40 |36 |34 |2 <eos>|8
|55 |59 |43 |11 |25 |40 |53 <eos>|19
|9 |43 |11 |15 |40 |46 |57 |53 <eos>|19
|55 |3 |50 |1 |15 |40 |53 <eos>|19
|55 |12 |54 |16 |33 |5 |50 |1 |53 <eos>|19
|55 |3 |50 |1 |13 |15 |40 |2 <eos>|8
|9 |43 |52 |57 |39 |26 |16 |53 <eos>|19
|55 |59 |43 |11 |36 |34 |56 |53 <eos>|19
|55 |59 |43 |11 |39 |26 |16 |53 <eos>|19
|55 |3 |50 |1 |15 |40 |53 <eos>|19
|19 |23 |55 |43 |11 |13 <eos>|17
|55 |59 |43 |11 |13 |2 <eos>|8
|55 |3 |50 |1 |47 |48 |53 <eos>|19
|55 |3 |5 |50 |1 |17 |26 |16 |53 <eos>|19
|55 |59 |43 |11 |25 |40 |53 <eos>|19
|55 |59 |43 |11 |15 |40 |2 <eos>|8
|57 |33 |4 |13 |53 |48 |2 <eos>|8
|57 |39 |26 |16 |54 |16 |2 <eos>|8
|49 |59 |43 |52 |57 |25 |40 |53 <eos>|19
|55 |59 |12 |3 |50 |1 |36 |34 |56 <eos>|24
|9 |30 |44 |55 |3 |50 |1 |47 <eos>|8
|55 |59 |43 |52 |38 |53 <eos>|19
|58 |43 |11 |46 |57 |18 |14 |35 <eos>|24
|9 |21 |39 |26 |16 |46 |57 |53 <eos>|19
|55 |59 |43 |11 |13 |53 <eos>|19
|5